0.3614751696586609
0.30508896708488464
0.4712289571762085
0.22473207116127014
0.6266680359840393
0.42432284355163574
0.4410555958747864
0.2533598244190216
0.3566285967826843
0.4620339274406433
0.24361109733581543
0.21546277403831482
0.36848539113998413
0.17117366194725037
0.37051475048065186
0.472705602645874
0.2412445843219757
0.3860589861869812
0.2949676215648651
0.4474756121635437
0.28897684812545776
0.21919462084770203
0.5280707478523254
0.4839438796043396
0.23259253799915314
0.2877209186553955
0.5662733316421509
0.3576596677303314
0.4456237554550171
0.19722673296928406
0.41206657886505127
0.2890307605266571
0.2776365280151367
0.29955971240997314
0.253569632768631
0.35187068581581116
0.4955701231956482
0.34760570526123047
0.21655653417110443
0.18656077980995178
0.3387524485588074
0.2719188332557678
0.3978053033351898
0.3430928587913513
0.3077782392501831
0.3481343984603882
0.3997516632080078
0.4181973934173584
0.25917187333106995
0.1790282130241394
0.35808348655700684
0.6845917701721191
0.2948300838470459
0.3098739981651306
0.2526441812515259
0.3963773846626282
0.3257555365562439
0.3174624741077423
0.34625929594039917
0.43906521797180176
0.21199378371238708
0.22098694741725922
0.3059229254722595
0.3628332316875458
0.3036644160747528
0.4329766631126404
0.4446168541908264
0.35995563864707947
0.18164151906967163
0.20003396272659302
0.21310065686702728
0.3190268278121948
0.2115357369184494
0.32629090547561646
0.2774219512939453
0.24530719220638275
0.39368242025375366
0.26727765798568726
0.12271887809038162
0.27353635430336
0.24141545593738556
0.34550872445106506
0.3377765119075775
0.46722346544265747
0.41717731952667236
0.36486488580703735
0.4778565764427185
0.3071216344833374
0.3546268939971924
0.27987217903137207
0.4219130873680115
0.2860972285270691
0.28319263458251953
0.3963504731655121
0.20134814083576202
0.4392680525779724
0.17529863119125366
0.26007965207099915
0.2680342197418213
0.35594773292541504
0.20714399218559265
0.44220656156539917
0.27747321128845215
0.11068818718194962
0.2165408730506897
0.1869223415851593
0.23417845368385315
0.4656641483306885
0.4041096568107605
0.19286641478538513
0.2451336681842804
0.3894331455230713
0.36836278438568115
0.419574499130249
0.37518230080604553
0.19140106439590454
0.27199193835258484
0.29020410776138306
0.3957951068878174
0.21641336381435394
0.41867250204086304
0.46956032514572144
0.2457432746887207
0.3381786048412323
0.1975395679473877
0.3465704321861267
0.3110800087451935
0.3498545289039612
0.20775076746940613
0.3593778610229492
0.5545534491539001
0.19849081337451935
0.3384239077568054
0.23994368314743042
0.42542093992233276
0.5056779384613037
0.31696122884750366
0.2500942051410675
0.25126680731773376
0.24749970436096191
0.44118696451187134
0.8279430270195007
0.26398709416389465
0.16784130036830902
0.18793147802352905
0.3473489284515381
0.2730308771133423
0.383809357881546
0.37384355068206787
0.29463624954223633
0.1747407615184784
0.3673964738845825
0.2614092230796814
0.37800419330596924
0.34627097845077515
0.37663334608078003
0.4854521155357361
0.24255941808223724
0.3323095440864563
0.0788392424583435
0.3999690115451813
0.3708409070968628
0.41899198293685913
0.3103184103965759
0.24733607470989227
0.4019394516944885
0.3888813853263855
0.06693188846111298
0.3647172451019287
0.5016650557518005
0.2507759630680084
0.21124716103076935
0.3878886103630066
0.3370712995529175
0.2388046681880951
0.23284080624580383
0.15305408835411072
0.4889889359474182
0.2534220516681671
0.27562907338142395
0.4664486050605774
0.22740811109542847
0.23855549097061157
0.3706679940223694
0.3356765806674957
0.3648660182952881
0.22825592756271362
0.4835619330406189
0.4376761317253113
0.3580963611602783
0.511391818523407
0.22673816978931427
0.3171312212944031
0.30277928709983826
0.2758792042732239
0.23800288140773773
0.24322059750556946
0.4087464213371277
0.2771022617816925
0.31493574380874634
0.3360905051231384
0.34917008876800537
0.2500513792037964
0.34743672609329224
0.2286820262670517
0.22997848689556122
0.29038339853286743
0.5677303671836853
0.3919145464897156
0.4024258852005005
0.36005163192749023
0.20632028579711914
0.20557689666748047
0.05747970938682556
0.2735840678215027
0.23573829233646393
0.3469451069831848
0.33507969975471497
0.3095518946647644
0.26190030574798584
0.21654000878334045
0.3667592406272888
0.10603449493646622
0.21152395009994507
0.36271005868911743
0.21868251264095306
0.3144145607948303
0.20550651848316193
0.33266982436180115
0.42588263750076294
0.4633522033691406
0.42733728885650635
0.12267252802848816
0.35897159576416016
0.4032634496688843
0.22004538774490356
0.36850506067276
0.4091576337814331
0.30733346939086914
0.36327236890792847
0.2687147855758667
0.3051028251647949
0.09432484954595566
0.2846667170524597
0.2989426553249359
0.3393319249153137
0.3292180895805359
0.2545592784881592
0.44647133350372314
0.34338900446891785
0.3590936064720154
0.2498052716255188
0.3246999680995941
0.4039689898490906
0.3690977096557617
0.4315735697746277
0.4267709255218506
0.1872044801712036
0.38631176948547363
0.2938697636127472
0.3738667964935303
0.34680289030075073
0.22734153270721436
0.34569627046585083
0.3106074631214142
0.35973384976387024
0.17113788425922394
0.4295668601989746
0.33870798349380493
0.3324350118637085
0.33084049820899963
0.2522425651550293
0.36413300037384033
0.31133466958999634
0.17556999623775482
0.393018901348114
0.2738410234451294
0.20207203924655914
0.3355070948600769
0.38215625286102295
0.16509008407592773
0.13087399303913116
0.3759828805923462
0.2562110126018524
0.3803796172142029
0.15428996086120605
0.20423920452594757
0.1945919543504715
0.27916473150253296
0.3346480131149292
0.338481605052948
0.29750365018844604
0.22139319777488708
0.4352095127105713
0.33051279187202454
0.4009816646575928
0.1654646098613739
0.31047528982162476
0.38743168115615845
0.05568556487560272
0.4646080732345581
0.3630908131599426
0.38876456022262573
0.272689551115036
0.12729571759700775
0.2540651261806488
0.37228894233703613
0.44374018907546997
0.3360070586204529
0.21644353866577148
0.2693938612937927
0.3137056827545166
0.28112518787384033
0.2494727373123169
0.26190340518951416
0.13812385499477386
0.47429776191711426
0.19412556290626526
0.3312112092971802
0.3135000467300415
0.3651261031627655
0.3898354768753052
0.28668588399887085
0.4123062491416931
0.4704784154891968
0.2577069103717804
0.6377868056297302
0.5010212063789368
0.2552614212036133
0.37198179960250854
0.28397122025489807
0.15119948983192444
0.3483533263206482
0.3919820189476013
0.327040433883667
0.26599395275115967
0.25740647315979004
0.13982389867305756
0.4076077342033386
0.28100430965423584
0.4712054133415222
0.3580568730831146
0.255384236574173
0.3751223683357239
0.4638282060623169
0.3037887215614319
0.31558340787887573
0.39566677808761597
0.47650814056396484
0.3294300436973572
0.3226013481616974
0.28679952025413513
0.4664071798324585
0.27238041162490845
0.3922356963157654
0.3732098639011383
0.42031049728393555
0.2793114483356476
0.27966296672821045
0.44137924909591675
0.2582768499851227
0.2364453822374344
0.4259432554244995
0.4702358841896057
0.3855382204055786
0.2053614854812622
0.438451886177063
0.2563224732875824
0.5542857646942139
0.05995936691761017
0.34017449617385864
0.2270323932170868
0.38663506507873535
0.2408917397260666
0.3016054034233093
0.17261764407157898
0.3291128873825073
0.3208170533180237
0.21326309442520142
0.31808730959892273
0.2984732389450073
0.5264478921890259
0.398329496383667
0.4251350164413452
0.1286613792181015
0.2632109522819519
0.2691357731819153
0.29072871804237366
0.22216954827308655
0.3183874487876892
0.277020663022995
0.20981314778327942
0.3502329885959625
0.15582934021949768
0.43275195360183716
0.4420471787452698
0.31842243671417236
0.16463395953178406
0.4936788082122803
0.2741128206253052
0.38304394483566284
0.5984172224998474
0.3234965205192566
0.40288078784942627
0.2801704406738281
0.28865814208984375
0.3378761410713196
0.42759889364242554
0.37168580293655396
0.32421690225601196
0.30879807472229004
0.24785616993904114
0.4751437306404114
0.47161567211151123
0.41812825202941895
0.453207790851593
0.4459121823310852
0.28130900859832764
0.3815150558948517
0.2626001834869385
0.2476569563150406
0.26225465536117554
0.4179883599281311
0.21244703233242035
0.2337454855442047
0.4007071256637573
0.22336512804031372
0.19782570004463196
0.2413421869277954
0.11812072992324829
0.4224362373352051
0.5048817992210388
0.2005796581506729
0.3457333445549011
0.2718544602394104
0.3024449944496155
0.19340142607688904
0.29111242294311523
0.5090102553367615
0.21169538795948029
0.4351547956466675
0.3915940523147583
0.4559248089790344
0.38214462995529175
0.5027517676353455
0.3947553038597107
0.47400152683258057
0.3225609362125397
0.391704261302948
0.25901374220848083
0.1627507209777832
0.33651044964790344
0.3846835494041443
0.17046764492988586
0.34691911935806274
0.3590397238731384
0.287637323141098
0.21566160023212433
0.40611135959625244
0.40686267614364624
0.25837013125419617
0.2805801331996918
0.34215787053108215
0.4358309507369995
0.27344441413879395
0.5378022789955139
0.33925992250442505
0.37779492139816284
0.46585988998413086
0.23204945027828217
0.5640870332717896
0.24149873852729797
0.5804636478424072
0.44160395860671997
0.364249050617218
0.20502597093582153
0.2909811735153198
0.4149547815322876
0.34663212299346924
0.3338819444179535
0.27377110719680786
0.2994610667228699
0.46614861488342285
0.5313056111335754
0.2044363170862198
0.3650604486465454
0.42939120531082153
0.28909045457839966
0.2406461387872696
0.317425400018692
0.312963604927063
0.4129629135131836
0.4245492219924927
0.2872030735015869
0.4966161251068115
0.3883206844329834
0.5408177971839905
0.2719310522079468
0.5067700147628784
0.380435049533844
0.3828831911087036
0.4231032729148865
0.3068128228187561
0.5075255036354065
0.6503375172615051
0.1343025267124176
0.48285919427871704
0.21685147285461426
0.26766547560691833
0.43679165840148926
0.535153865814209
0.38394713401794434
0.31149154901504517
0.4092442989349365
0.33026963472366333
0.31138020753860474
0.43464481830596924
0.22990940511226654
0.2319236695766449
0.30750131607055664
0.3357350826263428
0.3712412118911743
0.3534194827079773
0.35229939222335815
0.40805405378341675
0.4451709985733032
0.22836345434188843
0.3663361072540283
0.4172021746635437
0.4903711676597595
0.2036016881465912
0.1165194883942604
0.1982397437095642
0.31074708700180054
0.206088125705719
0.3322899341583252
0.47360605001449585
0.20311227440834045
0.09338341653347015
0.45107388496398926
0.2004697024822235
0.3032152056694031
0.2859623432159424
0.3210814595222473
0.23003734648227692
0.3877713084220886
0.2278384119272232
0.3842408061027527
0.36609962582588196
0.36640191078186035
0.26463955640792847
0.3732241988182068
0.3026861548423767
0.22016781568527222
0.2592095732688904
0.4450174570083618
0.3758608102798462
0.3931388556957245
0.21955037117004395
0.2659941613674164
0.2725822329521179
0.1746787279844284
0.33209526538848877
0.4633256793022156
0.21812377870082855
0.25966835021972656
0.23315447568893433
0.3540348410606384
0.3300449252128601
0.5845003128051758
0.35318535566329956
0.41261881589889526
0.17964214086532593
0.3917611837387085
0.36614614725112915
0.18403518199920654
0.22169479727745056
0.1942303627729416
0.4023800492286682
0.3229275941848755
0.15119948983192444
0.278534471988678
0.3973385691642761
0.33152687549591064
0.3902316689491272
0.4552026391029358
0.3267480731010437
0.284986674785614
0.41705596446990967
0.09289707243442535
0.38124457001686096
0.07230538129806519
0.39242327213287354
0.44197458028793335
0.28549790382385254
0.25918224453926086
0.07147230952978134
0.35802310705184937
0.6507154107093811
0.2376932054758072
0.29653453826904297
0.22093786299228668
0.29399579763412476
0.46436607837677
0.502264142036438
0.23046639561653137
0.2865581512451172
0.4977955222129822
0.3325355052947998
0.28846102952957153
0.24227577447891235
0.33335983753204346
0.3316425681114197
0.2133502960205078
0.24891500174999237
0.2803284525871277
0.45595699548721313
0.3114356994628906
0.3694949150085449
0.25879791378974915
0.38198089599609375
0.21911180019378662
0.18615129590034485
0.2621729373931885
0.26791176199913025
0.5592621564865112
0.11726799607276917
0.21213409304618835
0.19449758529663086
0.2862955629825592
0.3061615526676178
0.38736534118652344
0.32626038789749146
0.3878366947174072
0.48360228538513184
0.43182963132858276
0.24199451506137848
0.23306381702423096
0.18828409910202026
0.16253536939620972
0.19170501828193665
0.16091686487197876
0.2514660954475403
0.23538106679916382
0.20717546343803406
0.39799177646636963
0.3410864770412445
0.22079740464687347
0.3143831491470337
0.26443299651145935
0.4485142230987549
0.25504931807518005
0.4575079679489136
0.2297079861164093
0.22527948021888733
0.45745664834976196
0.30993977189064026
0.26307541131973267
0.2916516363620758
0.21511465311050415
0.47290199995040894
0.3636449873447418
0.3108912408351898
0.3651847243309021
0.2772188186645508
0.374893456697464
0.15561756491661072
0.42029905319213867
0.26269295811653137
0.11200976371765137
0.38807767629623413
0.30234473943710327
0.19130122661590576
0.34537869691848755
0.2717600464820862
0.43527549505233765
0.22489064931869507
0.39935916662216187
0.3054324984550476
0.3720363974571228
0.22179493308067322
0.2406720668077469
0.25858592987060547
0.3706575632095337
0.33480989933013916
0.3426826000213623
0.4189304709434509
0.2405214011669159
0.25112590193748474
0.35363519191741943
0.22237789630889893
0.22562140226364136
0.3611142635345459
0.26031726598739624
0.3847286105155945
0.4219462275505066
0.3418648838996887
0.3603832721710205
0.37535983324050903
0.3640559911727905
0.23705404996871948
0.26966020464897156
0.46057718992233276
0.40132641792297363
0.22383105754852295
0.3848698139190674
0.4255600571632385
0.20900675654411316
0.34056562185287476
0.3464129567146301
0.327250599861145
0.33269402384757996
0.4264633059501648
0.1609945297241211
0.2926560044288635
0.39136865735054016
0.4517005681991577
0.41284269094467163
0.18823876976966858
0.19745129346847534
0.264133483171463
0.3962913155555725
0.4631550908088684
0.27928847074508667
0.26799580454826355
0.2966117560863495
0.43808412551879883
0.24474120140075684
0.28794029355049133
0.22993697226047516
0.28951072692871094
0.19222840666770935
0.1176900863647461
0.4665904641151428
0.3628652095794678
0.39175230264663696
0.5196539759635925
0.4665822982788086
0.2535838484764099
0.3723320960998535
0.30943137407302856
0.2319403886795044
0.17482233047485352
0.717059314250946
0.4522044062614441
0.27104073762893677
0.382831335067749
0.49937641620635986
0.4009591341018677
0.3082904815673828
0.263044148683548
0.3486831784248352
0.5567507147789001
0.3044368028640747
0.3782055974006653
0.5014994740486145
0.3389248847961426
0.4969669580459595
0.3543868660926819
0.31070077419281006
0.2656201720237732
0.23804709315299988
0.24257400631904602
0.4137800335884094
0.09875232726335526
0.4461297392845154
0.3576202690601349
0.3773687481880188
0.2336481511592865
0.23633518815040588
0.4748886227607727
0.4382389783859253
0.2917652130126953
0.5587071776390076
0.23038576543331146
0.2804388999938965
0.385295033454895
0.5359244346618652
0.2279844582080841
0.32152849435806274
0.4084175229072571
0.32701626420021057
0.2730713486671448
0.29804128408432007
0.3284493088722229
0.13373397290706635
0.12616348266601562
0.37146028876304626
0.24003972113132477
0.2475336641073227
0.47034668922424316
0.46799564361572266
0.39386534690856934
0.4036319851875305
0.23481518030166626
0.4019043445587158
0.34386155009269714
0.382521390914917
0.2789357900619507
0.30845528841018677
0.35423898696899414
0.252468466758728
0.3967357873916626
0.45865869522094727
0.4654867649078369
0.24271026253700256
0.42733490467071533
0.21605706214904785
0.12247014045715332
0.3210700750350952
0.21696704626083374
0.22348637878894806
0.2515949606895447
0.3612336218357086
0.1639329195022583
0.20674344897270203
0.2908974587917328
0.43506985902786255
0.16117843985557556
0.27742618322372437
0.21603229641914368
0.6270176768302917
0.10314911603927612
0.2248198539018631
0.21903736889362335
0.28708070516586304
0.3286271095275879
0.22262582182884216
0.36645394563674927
0.4743000864982605
0.23953387141227722
0.46849340200424194
0.353298544883728
0.2282344400882721
0.4018130898475647
0.37723252177238464
0.19773317873477936
0.3197330832481384
0.20246919989585876
0.22825852036476135
0.3844585418701172
0.4241880178451538
0.3335372507572174
0.29741841554641724
0.3434731960296631
0.3082530200481415
0.18896543979644775
0.4644273519515991
0.3721202611923218
0.2573050260543823
0.18336370587348938
0.16264551877975464
0.3011687099933624
0.20283375680446625
0.08388875424861908
0.40473639965057373
0.2348838746547699
0.2433047592639923
0.26238366961479187
0.23513440787792206
0.2945404052734375
0.018264636397361755
0.5140091776847839
0.3829980194568634
0.23821434378623962
0.4188655614852905
0.2072218805551529
0.49791985750198364
0.3495134115219116
0.2052554488182068
0.21654745936393738
0.333065927028656
0.13816118240356445
0.18966874480247498
0.23248542845249176
0.19311469793319702
0.24545642733573914
0.26996007561683655
0.34721648693084717
0.3008100390434265
0.2444963902235031
0.07685652375221252
0.4310600757598877
0.4009207487106323
0.2404119372367859
0.3986127972602844
0.32461684942245483
0.3040088415145874
0.2851443886756897
0.35990506410598755
0.25048360228538513
0.3846033215522766
0.2431064248085022
0.2790694236755371
0.38713306188583374
0.36588239669799805
0.23152147233486176
0.2927241921424866
0.2045256495475769
0.2961317300796509
0.47003173828125
0.21622784435749054
0.20050016045570374
0.19092953205108643
0.40033596754074097
0.21361859142780304
0.34632378816604614
0.3412312865257263
0.48310667276382446
0.08888683468103409
0.2082139253616333
0.4651513695716858
0.35524284839630127
0.36089909076690674
0.21242056787014008
0.2655261754989624
0.31569284200668335
0.31780683994293213
0.31810885667800903
0.1797734797000885
0.39144963026046753
0.23604466021060944
0.25316518545150757
0.2386217713356018
0.5152766108512878
0.38154566287994385
0.30898264050483704
0.26669034361839294
0.33952564001083374
0.22264009714126587
0.23601680994033813
0.3994428813457489
0.27510035037994385
0.3626481294631958
0.2334168702363968
0.40158241987228394
0.22553199529647827
0.3950425684452057
0.23643481731414795
0.19157171249389648
0.1744574010372162
0.05568556487560272
0.26534995436668396
0.2145228087902069
0.2606302797794342
0.46758711338043213
0.22818680107593536
0.2342618703842163
0.2930947542190552
0.22775889933109283
0.2464234083890915
0.23541787266731262
0.3098771572113037
0.5030275583267212
0.4388185143470764
0.325295090675354
0.24417951703071594
0.09054897725582123
0.32473570108413696
0.12731602787971497
0.43144261837005615
0.2926177978515625
0.11378711462020874
0.4998921751976013
0.40051794052124023
0.31386154890060425
0.26853886246681213
0.28552597761154175
0.2999238669872284
0.2100815773010254
0.22177302837371826
0.18032674491405487
0.1878844052553177
0.3851836323738098
0.3355666995048523
0.2281111627817154
0.25619977712631226
0.4005689024925232
0.3072478175163269
0.17301884293556213
0.26949062943458557
0.22886472940444946
0.29622340202331543
0.32759350538253784
0.22019049525260925
0.3036835193634033
0.39082515239715576
0.22474250197410583
0.35163968801498413
0.22908112406730652
0.398691326379776
0.27272355556488037
0.23789869248867035
0.33987098932266235
0.4477718472480774
0.1988012045621872
0.2733965516090393
0.33691298961639404
0.3644121289253235
0.34767037630081177
0.25086018443107605
0.11665628105401993
0.24272672832012177
0.32551324367523193
0.3005374073982239
0.4016200304031372
0.31695544719696045
0.5674712061882019
0.2852896451950073
0.42542368173599243
0.17748881876468658
0.10182688385248184
0.37144604325294495
0.3969258666038513
0.26214879751205444
0.3452097773551941
0.32915371656417847
0.3437497615814209
0.3243376612663269
0.5306859016418457
0.36747831106185913
0.22681987285614014
0.37442028522491455
0.5002202391624451
0.23565176129341125
0.2272033840417862
0.21641582250595093
0.5175322890281677
0.5331323742866516
0.2207416296005249
0.30084288120269775
0.20771455764770508
0.28751426935195923
0.6078647971153259
0.4356779456138611
0.447488009929657
0.17091569304466248
0.2513233423233032
0.41614919900894165
0.4028284549713135
0.28718844056129456
0.39020055532455444
0.22660762071609497
0.41055911779403687
0.38212400674819946
0.3749420940876007
0.39398831129074097
0.22695499658584595
0.2971550226211548
0.4085250496864319
0.3268624246120453
0.3060077130794525
0.39562323689460754
0.4248272180557251
0.4768069386482239
0.4255203604698181
0.36004990339279175
0.4447282552719116
0.4941941499710083
0.3035418391227722
0.2396477609872818
0.22134248912334442
0.3775559961795807
0.3848719596862793
0.2640281319618225
0.3623739778995514
0.5082639455795288
0.2259371280670166
0.28234487771987915
0.2052024006843567
0.43627840280532837
0.20674780011177063
0.27454203367233276
0.18297141790390015
0.22544538974761963
0.10973687469959259
0.2069115936756134
0.3566722273826599
0.4549195170402527
0.41576963663101196
0.6399787068367004
0.3159225881099701
0.20062290132045746
0.45817703008651733
0.143355593085289
0.22685545682907104
0.45971935987472534
0.14115121960639954
0.3554471731185913
0.219181627035141
0.36787745356559753
0.34866756200790405
0.30414876341819763
0.7838863134384155
0.2696268558502197
0.35022133588790894
0.26589828729629517
0.3197988271713257
0.33322352170944214
0.4186418652534485
0.27547162771224976
0.47735756635665894
0.30279573798179626
0.4175383448600769
0.1973826140165329
0.37186676263809204
0.25433993339538574
0.20443159341812134
0.0756041556596756
0.3060661554336548
0.3002757430076599
0.17967380583286285
0.29289379715919495
0.10598360747098923
0.35247135162353516
0.44984495639801025
0.5368765592575073
0.4198489785194397
0.3221583664417267
0.43723106384277344
0.3394790291786194
0.24099001288414001
0.48420870304107666
0.5471072793006897
0.26839572191238403
0.6312658190727234
0.26433002948760986
0.2748202085494995
0.33289363980293274
0.9106969237327576
0.3008272051811218
0.3093647360801697
0.5068012475967407
0.10538241267204285
0.3548419177532196
0.33388572931289673
0.35312169790267944
0.3992542624473572
0.43791860342025757
0.37005025148391724
0.584345281124115
0.4888755679130554
0.5882188081741333
0.18539351224899292
0.39288073778152466
0.2911614775657654
0.2210802435874939
0.4059811234474182
0.5046822428703308
0.35393035411834717
0.300832062959671
0.1524076759815216
0.23851090669631958
0.16982796788215637
0.4462059736251831
0.33395761251449585
0.4249987006187439
0.35940247774124146
0.17922630906105042
0.2260846346616745
0.3315340280532837
0.245123952627182
0.3242502808570862
0.3257981538772583
0.4290418028831482
0.2516629695892334
0.3718743920326233
0.25429219007492065
0.221318781375885
0.21245387196540833
0.49957191944122314
0.30261504650115967
0.29773664474487305
0.37357664108276367
0.30361437797546387
0.20362088084220886
0.311745822429657
0.28020885586738586
0.3776450753211975
0.41007840633392334
0.5062251687049866
0.22278086841106415
0.33772438764572144
0.3143916726112366
0.21321266889572144
0.21144047379493713
0.15542994439601898
0.2332470715045929
0.13828927278518677
0.40346401929855347
0.20256167650222778
0.23578621447086334
0.21357318758964539
0.4420955777168274
0.3115203380584717
0.3187774121761322
0.2669116258621216
0.26407599449157715
0.39045411348342896
0.29042279720306396
0.34627318382263184
0.2506086826324463
0.23443982005119324
0.507548987865448
0.20697972178459167
0.4975852370262146
0.24438297748565674
0.2314368188381195
0.3054887652397156
0.3134845793247223
0.17454108595848083
0.3787534832954407
0.3688324987888336
0.28117668628692627
0.31399965286254883
0.41433578729629517
0.2599588632583618
0.49913567304611206
0.45223546028137207
0.1823405623435974
0.33810514211654663
0.40020519495010376
0.24947738647460938
0.31085994839668274
0.23138421773910522
0.2669544517993927
0.44183647632598877
0.3279818296432495
0.3403998613357544
0.351270854473114
0.43030059337615967
0.12067021429538727
0.4374365210533142
0.20949342846870422
0.10329215228557587
0.22117826342582703
0.35140061378479004
0.2779841423034668
0.28666621446609497
0.4201585054397583
0.24108849465847015
0.3508528470993042
0.4167923927307129
0.47123098373413086
0.23286771774291992
0.20284363627433777
0.5112101435661316
0.11142680048942566
0.39095377922058105
0.3791048526763916
0.24648046493530273
0.35675036907196045
0.2678488790988922
0.2135818749666214
0.26231908798217773
0.2706989645957947
0.21268002688884735
0.37827786803245544
0.12632662057876587
0.2194974273443222
0.5035116076469421
0.4771808981895447
0.33533090353012085
0.2901868224143982
0.28429293632507324
0.22068558633327484
0.22035488486289978
0.11665497720241547
0.5194423794746399
0.2627559006214142
0.29372072219848633
0.28210416436195374
0.346493124961853
0.29848533868789673
0.2786156237125397
0.29091161489486694
0.2231834977865219
0.23765838146209717
0.24869143962860107
0.20191027224063873
0.14256873726844788
0.3433907628059387
0.44038987159729004
0.1867542415857315
0.262906014919281
0.45366013050079346
0.31018102169036865
0.2822915315628052
0.22249571979045868
0.3339763283729553
0.3620803952217102
0.21284830570220947
0.08373261988162994
0.4535074234008789
0.38902902603149414
0.21555574238300323
0.37266629934310913
0.4731106162071228
0.33086585998535156
0.4914807081222534
0.32333725690841675
0.5598676800727844
0.3428788185119629
0.44394439458847046
0.2277735024690628
0.35904377698898315
0.2805625796318054
0.28542953729629517
0.19788368046283722
0.3354288935661316
0.2867445647716522
0.16151514649391174
0.1967545449733734
0.1793995201587677
0.23629483580589294
0.3929988741874695
0.26367074251174927
0.31416821479797363
0.2813340425491333
0.34252727031707764
0.36297607421875
0.30403897166252136
0.38418811559677124
0.38925105333328247
0.4003416895866394
0.4077865481376648
0.20480501651763916
0.27110591530799866
0.3779042363166809
0.36354464292526245
0.29036495089530945
0.23956242203712463
0.16256514191627502
0.32497668266296387
0.3127967119216919
0.2561075687408447
0.29639238119125366
0.32513248920440674
0.09481946378946304
0.3453231453895569
0.3744238018989563
0.2985838055610657
0.17961633205413818
0.2577003240585327
0.32218679785728455
0.4077311158180237
0.3231874704360962
0.33371713757514954
0.29656219482421875
0.39852702617645264
0.3170090913772583
0.37312328815460205
0.29969799518585205
0.25862351059913635
0.3895149528980255
0.2592252492904663
0.43774211406707764
0.3523428440093994
0.5170090198516846
0.3711754083633423
0.28846651315689087
0.3918578028678894
0.26135769486427307
0.31487560272216797
0.3411906063556671
0.2408726066350937
0.2811245322227478
0.5664369463920593
0.28768789768218994
0.4004110097885132
0.24829819798469543
0.25577306747436523
0.31150227785110474
0.3639361262321472
0.415973424911499
0.2805054187774658
0.2677353024482727
0.18721087276935577
0.31946390867233276
0.4552410840988159
0.24518772959709167
0.2629441022872925
0.2605757415294647
0.3725159168243408
0.61899334192276
0.20426857471466064
0.2632119655609131
0.3486185073852539
0.2456943243741989
0.18503284454345703
0.23514162003993988
0.2450704127550125
0.1154208555817604
0.11775822192430496
0.32422876358032227
0.17590844631195068
0.397027850151062
0.41260749101638794
0.4367184042930603
0.34039804339408875
0.33591997623443604
0.3696442246437073
0.35009682178497314
0.5099318623542786
0.21216580271720886
0.37256336212158203
0.270080029964447
0.41979628801345825
0.2503833770751953
0.2111392617225647
0.2501154839992523
0.41409897804260254
0.33318114280700684
0.4454016089439392
0.20713399350643158
0.2785995602607727
0.31200021505355835
0.18783143162727356
0.45171308517456055
0.2589094042778015
0.4406413435935974
0.1898653209209442
0.5584285259246826
0.4624927043914795
0.1467772275209427
0.28835582733154297
0.35086965560913086
0.41784346103668213
0.13982389867305756
0.3459015488624573
0.4062774181365967
0.27056434750556946
0.45750296115875244
0.34045618772506714
0.37632322311401367
0.3725526034832001
0.564932644367218
0.32293862104415894
0.3157123923301697
0.2199416607618332
0.1965479850769043
0.46390533447265625
0.30457741022109985
0.39798057079315186
0.20230215787887573
0.32538002729415894
0.4585720896720886
0.4130328893661499
0.38298606872558594
0.3661802411079407
0.2378455102443695
0.2805388569831848
0.3622443675994873
0.23552864789962769
0.3272544741630554
0.25053879618644714
0.4406690001487732
0.2474115490913391
0.3242356777191162
0.2265060544013977
0.4495030641555786
0.2565234303474426
0.2841998338699341
0.37819504737854004
0.3588782548904419
0.31411969661712646
0.4471120834350586
0.09794040024280548
0.48471105098724365
0.3669937252998352
0.24389708042144775
0.4756084084510803
0.40173012018203735
0.34060966968536377
0.5551450848579407
0.29265397787094116
0.0833100825548172
0.33791089057922363
0.36131584644317627
0.41604191064834595
0.10341916978359222
0.2904314398765564
0.1866873949766159
0.15605008602142334
0.11624762415885925
0.2644210159778595
0.2516919672489166
0.19465216994285583
0.2124437391757965
0.3810517191886902
0.28907084465026855
0.4754347801208496
0.40197819471359253
0.2642737627029419
0.3642672896385193
0.19909773766994476
0.26537370681762695
0.3824126720428467
0.3474803566932678
0.25025680661201477
0.3660922646522522
0.2415255904197693
0.5232548713684082
0.45559096336364746
0.42601823806762695
0.2940589189529419
0.37647783756256104
0.26178112626075745
0.2537369430065155
0.18845757842063904
0.40302932262420654
0.3027906119823456
0.23629483580589294
0.45485103130340576
0.18467602133750916
0.4832407832145691
0.4688427448272705
0.3392631411552429
0.2745720446109772
0.3722161054611206
0.13621221482753754
0.29550594091415405
0.5217733979225159
0.3870192766189575
0.4656471610069275
0.2982676029205322
0.30711036920547485
0.15699860453605652
0.367970734834671
0.4828663468360901
0.2274935245513916
0.5129290223121643
0.5183082222938538
0.5219264626502991
0.23318615555763245
0.08383610099554062
0.233561173081398
0.4942256808280945
0.27597934007644653
0.38179969787597656
0.18979741632938385
0.5393043160438538
0.43303751945495605
0.3658226430416107
0.4745994806289673
0.5430697202682495
0.3019038438796997
0.3676888942718506
0.14613671600818634
0.25099676847457886
0.16999998688697815
0.24782797694206238
0.46163076162338257
0.35114815831184387
0.35626983642578125
0.3599327802658081
0.48554205894470215
0.2230616807937622
0.15863588452339172
0.27987217903137207
0.4240557551383972
0.3470418453216553
0.4443369507789612
0.21706782281398773
0.09505342692136765
0.38297319412231445
0.35684388875961304
0.2522813081741333
0.33736419677734375
0.466457724571228
0.2652096450328827
0.2854958474636078
0.4123213291168213
0.38842517137527466
0.4613000750541687
0.15367011725902557
0.2662354111671448
0.40255677700042725
0.4838303327560425
0.2140640914440155
0.4879559278488159
0.36981311440467834
0.20642848312854767
0.21483935415744781
0.24591872096061707
0.2802632749080658
0.2998676896095276
0.29044613242149353
0.1898515522480011
0.2789543867111206
0.1956288367509842
0.42714381217956543
0.15155057609081268
0.4680830240249634
0.31747865676879883
0.38752561807632446
0.4116998314857483
0.320939838886261
0.24014928936958313
0.44867485761642456
0.34883368015289307
0.3012583255767822
0.19451875984668732
0.21336309611797333
0.337782621383667
0.3089311122894287
0.37411975860595703
0.25459033250808716
0.32546505331993103
0.3865394592285156
0.26231908798217773
0.23113679885864258
0.3037204146385193
0.30921244621276855
0.24269066751003265
0.33428728580474854
0.33806565403938293
0.10186654329299927
0.4396904706954956
0.21622255444526672
0.33629003167152405
0.31985974311828613
0.22390109300613403
0.3425213694572449
0.2915688157081604
0.2779841423034668
0.4752635955810547
0.32470816373825073
0.2705080807209015
0.09355714172124863
0.35170620679855347
0.29028868675231934
0.259986937046051
0.40635740756988525
0.41375237703323364
0.46358543634414673
0.46746617555618286
0.16501228511333466
0.38507986068725586
0.41818922758102417
0.41226518154144287
0.2594262361526489
0.390453577041626
0.4283420443534851
0.5743936896324158
0.42844635248184204
0.26529794931411743
0.43293362855911255
0.41875147819519043
0.3926737308502197
0.42614030838012695
0.3801322281360626
0.1887570470571518
0.5364841222763062
0.4677879214286804
0.27822762727737427
0.23040837049484253
0.41193825006484985
0.1435907483100891
0.3806953728199005
0.13337722420692444
0.26720237731933594
0.22813910245895386
0.2676406502723694
0.3955448269844055
0.19095392525196075
0.39055824279785156
0.2548335790634155
0.3430801033973694
0.32322925329208374
0.1349908411502838
0.23804530501365662
0.2878206968307495
0.29016703367233276
0.13967975974082947
0.22904101014137268
0.27595973014831543
0.33066093921661377
0.4431331753730774
0.438629150390625
0.35423552989959717
0.19716358184814453
0.48329997062683105
0.4738994836807251
0.5543709397315979
0.4254828691482544
0.4574546813964844
0.15502309799194336
0.3414289057254791
0.32047635316848755
0.26885515451431274
0.19866590201854706
0.2493540346622467
0.8255863785743713
0.4848645329475403
0.4453073740005493
0.4044017791748047
0.32978111505508423
0.28234124183654785
0.2045208215713501
0.38137638568878174
0.3448486030101776
0.2684069871902466
0.2951623797416687
0.3077318072319031
0.22550499439239502
0.21062198281288147
0.29453518986701965
0.21206726133823395
0.3180420994758606
0.2581038475036621
0.26032036542892456
0.1391104757785797
0.29375672340393066
0.3875845670700073
0.6027855277061462
0.5095047950744629
0.34913212060928345
0.4049597978591919
0.27507734298706055
0.13439688086509705
0.38870084285736084
0.2565920352935791
0.3879614472389221
0.17129263281822205
0.22151276469230652
0.23856636881828308
0.3998127579689026
0.47551608085632324
0.32401517033576965
0.22750571370124817
0.22110852599143982
0.3200467824935913
0.3319302201271057
0.1997310221195221
0.3796887993812561
0.3348875641822815
0.2660488784313202
0.2720242440700531
0.26564958691596985
0.2903212308883667
0.44944512844085693
0.29172101616859436
0.5209932327270508
0.36179864406585693
0.42609935998916626
0.35396426916122437
0.22848021984100342
0.24455425143241882
0.39843761920928955
0.34519264101982117
0.2998172640800476
0.5398153066635132
0.24518924951553345
0.38431882858276367
0.21192891895771027
0.49667662382125854
0.2839925289154053
0.41806793212890625
0.19492214918136597
0.2388184517621994
0.3537560999393463
0.22363145649433136
0.32339632511138916
0.3356984853744507
0.2373940795660019
0.27664345502853394
0.4794203042984009
0.07835127413272858
0.1494687795639038
0.6308456659317017
0.23545454442501068
0.2824125587940216
0.14066922664642334
0.27668505907058716
0.4692859649658203
0.35885781049728394
0.3302115499973297
0.20341330766677856
0.48318421840667725
0.44167816638946533
0.18794211745262146
0.3130481243133545
0.21218201518058777
0.09815604984760284
0.27579694986343384
0.4808381199836731
0.41989535093307495
0.24564561247825623
0.2814996540546417
0.23651935160160065
0.2783653736114502
0.32109272480010986
0.33028316497802734
0.216627836227417
0.2950608730316162
0.32605934143066406
0.3734720051288605
0.19932004809379578
0.06479785591363907
0.17636659741401672
0.16261202096939087
0.25234121084213257
0.1991482824087143
0.4773253798484802
0.2659129202365875
0.3339312672615051
0.5732879042625427
0.30338001251220703
0.13885338604450226
0.31783610582351685
0.2808116674423218
0.3054036498069763
0.25035560131073
0.40060728788375854
0.4331110119819641
0.2075294852256775
0.4202219247817993
0.39950209856033325
0.21890902519226074
0.352946013212204
0.3374618887901306
0.22483137249946594
0.2682674527168274
0.3916059732437134
0.2327011525630951
0.18697762489318848
0.2081681787967682
0.4079965353012085
0.23465749621391296
0.19243267178535461
0.2238115668296814
0.2988690137863159
0.1862199455499649
0.3112044334411621
0.24919699132442474
0.41287124156951904
0.26684659719467163
0.4984056353569031
0.28633517026901245
0.18428467214107513
0.35753968358039856
0.20893597602844238
0.299394428730011
0.4469379186630249
0.3395427167415619
0.3682243824005127
0.2407451570034027
0.41000449657440186
0.21810239553451538
0.4982852339744568
0.2849773168563843
0.21368837356567383
0.47757387161254883
0.35993897914886475
0.19429859519004822
0.2514457106590271
0.2041688859462738
0.37781059741973877
0.3247815668582916
0.2200900763273239
0.48928898572921753
0.3023398518562317
0.25122517347335815
0.2580408453941345
0.2952719032764435
0.1835935413837433
0.3940601944923401
0.24952387809753418
0.34434109926223755
0.34057238698005676
0.5359553098678589
0.2872030735015869
0.21189239621162415
0.3429452180862427
0.22788956761360168
0.4481070637702942
0.281676709651947
0.2169192135334015
0.46040260791778564
0.4650370478630066
0.23818784952163696
0.2907654047012329
0.1807307004928589
0.2819741666316986
0.23304501175880432
0.13375993072986603
0.4043799042701721
0.2662069797515869
0.30118435621261597
0.35605067014694214
0.2686367332935333
0.37944209575653076
0.23493710160255432
0.10966905206441879
0.32339757680892944
0.3526369333267212
0.4535568356513977
0.32155436277389526
0.4149637222290039
0.39293503761291504
0.304145872592926
0.19016554951667786
0.29657530784606934
0.22312670946121216
0.2628461420536041
0.3737218379974365
0.29941296577453613
0.3595793843269348
0.30389469861984253
0.46256887912750244
0.4418611526489258
0.3509823679924011
0.4713127017021179
0.20550116896629333
0.2646743059158325
0.35913681983947754
0.6444474458694458
0.36237359046936035
0.4363180994987488
0.21881963312625885
0.1750965714454651
0.4354931116104126
0.11389216780662537
0.2930821180343628
0.4590412974357605
0.18811333179473877
0.3618670105934143
0.42792636156082153
0.38713425397872925
0.4871525168418884
0.29428452253341675
0.31721365451812744
0.31054216623306274
0.1786915361881256
0.4757251739501953
0.3698726296424866
0.10341279208660126
0.20461301505565643
0.27856865525245667
0.14296402037143707
0.45132315158843994
0.37122201919555664
0.3302011489868164
0.3131430149078369
0.2072041928768158
0.4644395112991333
0.35957860946655273
0.2307591587305069
0.4033101797103882
0.36973610520362854
0.3001713752746582
0.3769867420196533
0.5629510879516602
0.43887871503829956
0.2936588525772095
0.3270356357097626
0.36621445417404175
0.73228520154953
0.4939690828323364
0.35941535234451294
0.4863819479942322
0.41224026679992676
0.1857108175754547
0.24562019109725952
0.4914010763168335
0.18350565433502197
0.3645181655883789
0.37945103645324707
0.20441782474517822
0.32921499013900757
0.3016640543937683
0.23032644391059875
0.3264774680137634
0.4059598445892334
0.29461511969566345
0.38089290261268616
0.5256173610687256
0.32286787033081055
0.41719865798950195
0.4978830814361572
0.3897559642791748
0.3342598080635071
0.3915109634399414
0.2742498517036438
0.2315288484096527
0.21587984263896942
0.4035043716430664
0.39272499084472656
0.24579617381095886
0.4105183482170105
0.3232293128967285
0.15731866657733917
0.32222139835357666
0.44222623109817505
0.27237898111343384
0.26828110218048096
0.3323095440864563
0.26433247327804565
0.37106651067733765
0.23731878399848938
0.263044148683548
0.3821879029273987
0.29017624258995056
0.16966301202774048
0.28541696071624756
0.32893604040145874
0.2853083610534668
0.2562437057495117
0.23293393850326538
0.27486544847488403
0.3184785842895508
0.45089709758758545
0.4085424542427063
0.24767880141735077
0.40757161378860474
0.229627788066864
0.2298194319009781
0.3705284595489502
0.5885970592498779
0.4850209951400757
0.19704127311706543
0.530019998550415
0.2506162226200104
0.2564471364021301
0.22656245529651642
0.289383202791214
0.2170410305261612
0.27864232659339905
0.6096380352973938
0.2896595001220703
0.48663604259490967
0.4140613079071045
0.4204362630844116
0.018264636397361755
0.27463483810424805
0.33067089319229126
0.2259298413991928
0.2962965965270996
0.4835456609725952
0.3593958616256714
0.15534508228302002
0.25713595747947693
0.48087000846862793
0.4132251739501953
0.10364042222499847
0.45855259895324707
0.369600772857666
0.27808472514152527
0.34269726276397705
0.4177572727203369
0.3320140242576599
0.25076642632484436
0.1205899715423584
0.2790694236755371
0.20326350629329681
0.39723581075668335
0.33756446838378906
0.19462993741035461
0.39373862743377686
0.39766955375671387
0.4016337990760803
0.4785469174385071
0.20599648356437683
0.4408588409423828
0.48675107955932617
0.33897578716278076
0.34539246559143066
0.35393357276916504
0.3714771270751953
0.44381165504455566
0.40229493379592896
0.28633445501327515
0.11964330822229385
0.3768312335014343
0.3109949231147766
0.3410002291202545
0.42951691150665283
0.3055436611175537
0.3357137441635132
0.3787870407104492
0.14274396002292633
0.24575833976268768
0.35982340574264526
0.4120836853981018
0.4009985327720642
0.2846558094024658
0.294871985912323
0.4461597800254822
0.35100769996643066
0.22775889933109283
0.3434469699859619
0.47283947467803955
0.10850656032562256
0.3161713480949402
0.4495008587837219
0.22878257930278778
0.401919960975647
0.27997297048568726
0.4183273911476135
0.21158596873283386
0.5512000322341919
0.4669039845466614
0.4213157892227173
0.37907475233078003
0.26745080947875977
0.263005793094635
0.1852380335330963
0.2666582465171814
0.2655740976333618
0.3257735073566437
0.29511281847953796
0.2603040039539337
0.3136666417121887
0.17502394318580627
0.3821498155593872
0.2754204571247101
0.36544865369796753
0.21253517270088196
0.42962825298309326
0.3118950128555298
0.3481367826461792
0.2783772945404053
0.31328895688056946
0.2733266055583954
0.4079563021659851
0.26569151878356934
0.3552837371826172
0.3329887390136719
0.31052976846694946
0.3107646107673645
0.30818092823028564
0.19629278779029846
0.31538116931915283
0.5251062512397766
0.2540132999420166
0.34583908319473267
0.23594699800014496
0.37595441937446594
0.25632086396217346
0.251655638217926
0.2663053572177887
0.4253731369972229
0.3207715153694153
0.23164667189121246
0.2133348286151886
0.4864543080329895
0.3418835401535034
0.45561647415161133
0.32453322410583496
0.40397536754608154
0.22773444652557373
0.3206184506416321
0.21873602271080017
0.39239609241485596
0.2110208123922348
0.321931391954422
0.38971197605133057
0.4070034623146057
0.23673447966575623
0.34727802872657776
0.28532350063323975
0.3949386477470398
0.4317997097969055
0.24499204754829407
0.297833114862442
0.3807721734046936
0.27950382232666016
0.33588463068008423
0.37167516350746155
0.413388192653656
0.10763087868690491
0.46147239208221436
0.21885530650615692
0.08621753007173538
0.1892845332622528
0.38285791873931885
0.22730965912342072
0.1263730674982071
0.07640103250741959
0.254407674074173
0.35602647066116333
0.19156596064567566
0.208073228597641
0.4342747926712036
0.3333898186683655
0.216661736369133
0.3778802752494812
0.3886655867099762
0.22140002250671387
0.35201650857925415
0.3464411199092865
0.4275091290473938
0.44066715240478516
0.2316679209470749
0.32337838411331177
0.29374414682388306
0.3150900602340698
0.4090334177017212
0.5041918754577637
0.29578691720962524
0.34626102447509766
0.3692939877510071
0.3240370452404022
0.31995999813079834
0.2575960159301758
0.22282017767429352
0.37111878395080566
0.188006192445755
0.3173764944076538
0.11563479900360107
0.12382695078849792
0.2424573004245758
0.07823889702558517
0.3016066551208496
0.4227278232574463
0.09565138816833496
0.2817772924900055
0.259731650352478
0.1969030499458313
0.24381670355796814
0.29022079706192017
0.35849350690841675
0.3792415261268616
0.3294169306755066
0.31840088963508606
0.2271428108215332
0.3223618268966675
0.3850095272064209
0.4033661484718323
0.38413286209106445
0.4135136008262634
0.30323439836502075
0.4481733441352844
0.4223610758781433
0.2450205683708191
0.4187106490135193
0.20151738822460175
0.22464142739772797
0.49283403158187866
0.36451494693756104
0.20548385381698608
0.35887041687965393
0.2541721761226654
0.32796406745910645
0.4492061138153076
0.20468173921108246
0.2871329188346863
0.1795026659965515
0.2274237871170044
0.3724725842475891
0.3857468366622925
0.3053596615791321
0.18556782603263855
0.363947331905365
0.5100753903388977
0.08875412493944168
0.3540237545967102
0.5112805962562561
0.4134668707847595
0.2644505798816681
0.20164550840854645
0.3265976309776306
0.11146242171525955
0.2149607390165329
0.43206608295440674
0.2953992486000061
0.2453857809305191
0.1597382128238678
0.29750972986221313
0.37050530314445496
0.47596555948257446
0.3548254370689392
0.24344390630722046
0.19275766611099243
0.3666425347328186
0.11236986517906189
0.21638739109039307
0.3124498724937439
0.18492573499679565
0.3820546269416809
0.23030848801136017
0.5604759454727173
0.46621906757354736
0.138543963432312
0.29666292667388916
0.346680223941803
0.47724223136901855
0.2312459945678711
0.40821903944015503
0.3089594841003418
0.25786691904067993
0.42982614040374756
0.4986516833305359
0.3639783263206482
0.3107413947582245
0.4529322385787964
0.3916296362876892
0.22318968176841736
0.4095289707183838
0.5153064131736755
0.40000081062316895
0.10233898460865021
0.3192812204360962
0.29075145721435547
0.44492560625076294
0.2602832317352295
0.2814708948135376
0.4268112778663635
0.39471060037612915
0.38721561431884766
0.6081245541572571
0.41411739587783813
0.3229066729545593
0.3049600124359131
0.28391343355178833
0.1815871298313141
0.4832543134689331
0.2823200225830078
0.3008815050125122
0.40441030263900757
0.613174319267273
0.27932149171829224
0.31907808780670166
0.5130102634429932
0.3700185716152191
0.2745034098625183
0.23956140875816345
0.37252897024154663
0.36289191246032715
0.4777677059173584
0.19945549964904785
0.2303844392299652
0.37227535247802734
0.31641149520874023
0.2433442920446396
0.3544268310070038
0.3077540099620819
0.41152721643447876
0.4162805676460266
0.17226076126098633
0.24129168689250946
0.30539724230766296
0.49282175302505493
0.33096998929977417
0.21013230085372925
0.18295051157474518
0.2020745724439621
0.3734568953514099
0.42042475938796997
0.423459529876709
0.359904408454895
0.3622821569442749
0.05568556487560272
0.3599289059638977
0.24907326698303223
0.5174927711486816
0.3110182285308838
0.047141656279563904
0.34362685680389404
0.20865792036056519
0.20668525993824005
0.39770686626434326
0.5599769949913025
0.18384365737438202
0.4075910449028015
0.23283891379833221
0.2865113615989685
0.5171263217926025
0.18336370587348938
0.4172790050506592
0.4924888610839844
0.44840627908706665
0.23892174661159515
0.2871127128601074
0.4434649348258972
0.2574520707130432
0.12882786989212036
0.3092842698097229
0.3384750485420227
0.4356960654258728
0.4237779974937439
0.4033164978027344
0.05568556487560272
0.2383137345314026
0.34753310680389404
0.3142855763435364
0.30813443660736084
0.28358525037765503
0.3506373167037964
0.28780245780944824
0.241677388548851
0.19130581617355347
0.21034574508666992
0.4378955364227295
0.3105615973472595
0.47254478931427
0.5144628286361694
0.4659324288368225
0.3098485767841339
0.26548928022384644
0.3303352892398834
0.45785534381866455
0.42390453815460205
0.29347550868988037
0.2441047579050064
0.225955069065094
0.3091411590576172
0.21507999300956726
0.4161081314086914
0.5224586129188538
0.21001926064491272
0.29639437794685364
0.21172314882278442
0.3671908378601074
0.5314934849739075
0.2653762698173523
0.42165112495422363
0.4744241237640381
0.39983081817626953
0.46636492013931274
0.25577306747436523
0.38679468631744385
0.3160266876220703
0.2506803274154663
0.40693122148513794
0.4850209951400757
0.2351950705051422
0.19864913821220398
0.3562588691711426
0.30698162317276
0.27038371562957764
0.24847903847694397
0.43269437551498413
0.32720792293548584
0.4263737201690674
0.2787271738052368
0.22230474650859833
0.30179619789123535
0.2104005217552185
0.38323676586151123
0.21327826380729675
0.41700905561447144
0.011021941900253296
0.28262048959732056
0.4123106002807617
0.4113045930862427
0.1848590075969696
0.2171875238418579
0.46410858631134033
0.20960846543312073
0.11366350948810577
0.4035663604736328
0.37178751826286316
0.23577502369880676
0.36486250162124634
0.2236787974834442
0.4308898448944092
0.27074527740478516
0.2052173912525177
0.3637486398220062
0.44601571559906006
0.21720203757286072
0.5826099514961243
0.3111381530761719
0.2940603494644165
0.435097336769104
0.22140026092529297
0.3456233739852905
0.30243822932243347
0.3985218405723572
0.42889416217803955
0.22261697053909302
0.3441765308380127
0.2843339741230011
0.3949592709541321
0.19881170988082886
0.23644258081912994
0.10606376826763153
0.39680343866348267
0.3973568379878998
0.09425479173660278
0.4499601125717163
0.3627367615699768
0.2535702586174011
0.5283637642860413
0.2895035743713379
0.20787334442138672
0.2585471272468567
0.29911601543426514
0.4268384575843811
0.12839972972869873
0.2138342559337616
0.1660633683204651
0.25446009635925293
0.2444220930337906
0.30164989829063416
0.4504174590110779
0.4187188744544983
0.22899724543094635
0.3679981827735901
0.27107149362564087
0.26586005091667175
0.2369261533021927
0.3814689517021179
0.3097306191921234
0.3070603311061859
0.20375895500183105
0.325789213180542
0.3416575789451599
0.42273348569869995
0.2540048658847809
0.4133678674697876
0.2368447631597519
0.0610557422041893
0.4179595708847046
0.16307571530342102
0.2453112006187439
0.5783730745315552
0.2553631663322449
0.21138113737106323
0.426996111869812
0.25845253467559814
0.36035168170928955
0.4379670023918152
0.23393896222114563
0.4060381054878235
0.31372201442718506
0.3071885406970978
0.2775281071662903
0.4066925644874573
0.4290742874145508
0.24418802559375763
0.47208160161972046
0.12333334982395172
0.7141912579536438
0.09046194702386856
0.43959319591522217
0.4564489722251892
0.2789095640182495
0.4596269130706787
0.39052140712738037
0.43746888637542725
0.42384248971939087
0.28980207443237305
0.2663096785545349
0.251309871673584
0.35416728258132935
0.457582950592041
0.27751845121383667
0.23490744829177856
0.17026002705097198
0.44733119010925293
0.39826199412345886
0.2552681267261505
0.22285783290863037
0.4149057865142822
0.19460856914520264
0.341089129447937
0.37684446573257446
0.17948606610298157
0.4993399977684021
0.11699075251817703
0.46089041233062744
0.2916375696659088
0.2693069577217102
0.5567644834518433
0.30440324544906616
0.30830246210098267
0.2828400731086731
0.19952453672885895
0.16204507648944855
0.3440195620059967
0.23917052149772644
0.2949206829071045
0.11242413520812988
0.2993285059928894
0.23794561624526978
0.38670849800109863
0.4082236886024475
0.5029482841491699
0.46974313259124756
0.08261588960886002
0.16696245968341827
0.44409477710723877
0.2705506384372711
0.28101682662963867
0.25622522830963135
0.09125114977359772
0.4830407500267029
0.18297074735164642
0.22266218066215515
0.2709027826786041
0.4814305901527405
0.11714989691972733
0.2684016227722168
0.17714843153953552
0.33013731241226196
0.3151194155216217
0.26885321736335754
0.3961528539657593
0.20552688837051392
0.40357065200805664
0.15030129253864288
0.42220455408096313
0.39391547441482544
0.4116772413253784
0.2587738037109375
0.18168166279792786
0.45750361680984497
0.2118942141532898
0.4423756003379822
0.35133397579193115
0.6300538778305054
0.23714739084243774
0.458218514919281
0.33948129415512085
0.2261124551296234
0.39315998554229736
0.37503331899642944
0.37772756814956665
0.47711390256881714
0.3418900966644287
0.45424211025238037
0.3632393777370453
0.26383715867996216
0.32679539918899536
0.30948352813720703
0.4232914447784424
0.34024548530578613
0.23711641132831573
0.3716111183166504
0.08925388753414154
0.32652372121810913
0.298040509223938
0.26109668612480164
0.2832794785499573
0.18610674142837524
0.2143673449754715
0.3085951507091522
0.2998768091201782
0.3237460255622864
0.3275274634361267
0.3083702027797699
0.24565596878528595
0.39793506264686584
0.44067585468292236
0.09932246059179306
0.32671573758125305
0.20101429522037506
0.3923376798629761
0.09652379155158997
0.2801677882671356
0.3843420445919037
0.3218825161457062
0.26918870210647583
0.3194301128387451
0.2679681181907654
0.3025801181793213
0.35229986906051636
0.2741119861602783
0.26189881563186646
0.1749456375837326
0.3421037197113037
0.2508760094642639
0.10217613726854324
0.31645524501800537
0.2430373728275299
0.22749283909797668
0.3188930153846741
0.24933360517024994
0.30296218395233154
0.256289005279541
0.37134677171707153
0.4614269733428955
0.24518907070159912
0.5104078650474548
0.2156727910041809
0.3756670355796814
0.18053966760635376
0.0883776992559433
0.11563479900360107
0.3664706349372864
0.25539323687553406
0.36036622524261475
0.30388975143432617
0.37425941228866577
0.26230230927467346
0.48812252283096313
0.457807719707489
0.23408660292625427
0.45606881380081177
0.18982496857643127
0.5623599290847778
0.4023389220237732
0.3843387961387634
0.2656240463256836
0.23979265987873077
0.2799612879753113
0.27189692854881287
0.32757890224456787
0.2770127058029175
0.29987025260925293
0.30624866485595703
0.3525882959365845
0.3003324270248413
0.20566000044345856
0.29919105768203735
0.1801103949546814
0.40419793128967285
0.36563944816589355
0.4481518268585205
0.3527466058731079
0.3326241374015808
0.2341463416814804
0.24470427632331848
0.411043643951416
0.3151560425758362
0.3099668622016907
0.21154405176639557
0.2247106432914734
0.3702186942100525
0.2804453372955322
0.22007104754447937
0.4345465302467346
0.3241150975227356
0.14393042027950287
0.3000495433807373
0.19120976328849792
0.24294471740722656
0.21390843391418457
0.44920045137405396
0.22456997632980347
0.16241887211799622
0.4320988059043884
0.4835955500602722
0.29400280117988586
0.4070974588394165
0.26777565479278564
0.46288764476776123
0.41329628229141235
0.3048667311668396
0.23028728365898132
0.2272994965314865
0.1636364907026291
0.4090120196342468
0.4402306079864502
0.19827468693256378
0.394287109375
0.08544206619262695
0.31876230239868164
0.174037367105484
0.23025238513946533
0.25870150327682495
0.16243131458759308
0.32416677474975586
0.36935073137283325
0.23177367448806763
0.30961334705352783
0.28888118267059326
0.26369166374206543
0.3195422887802124
0.2676197588443756
0.37375500798225403
0.20842906832695007
0.2990173101425171
0.1406586468219757
0.276215523481369
0.3222126364707947
0.3874559998512268
0.21438899636268616
0.32881981134414673
0.25376859307289124
0.38578855991363525
0.22970706224441528
0.30544495582580566
0.39100778102874756
0.24447381496429443
0.24741202592849731
0.26596683263778687
0.16342861950397491
0.29856395721435547
0.33835238218307495
0.3669304847717285
0.45581334829330444
0.47360068559646606
0.22297146916389465
0.34245818853378296
0.32397347688674927
0.19582292437553406
0.2876124382019043
0.39307916164398193
0.1639220118522644
0.33631396293640137
0.25044524669647217
0.25769442319869995
0.38659054040908813
0.2164376676082611
0.3185197710990906
0.3403759002685547
0.38083839416503906
0.17340180277824402
0.194373220205307
0.393737256526947
0.0671670213341713
0.26732179522514343
0.36811017990112305
0.37476786971092224
0.31456851959228516
0.3262054920196533
0.3146537244319916
0.11551675200462341
0.33894258737564087
0.1981102079153061
0.27469539642333984
0.48302966356277466
0.41184723377227783
0.3151523470878601
0.4481703042984009
0.2988053560256958
0.6875197291374207
0.17304912209510803
0.4707838296890259
0.36297863721847534
0.3865166902542114
0.2741701304912567
0.44822728633880615
0.2568492293357849
0.3057593107223511
0.41446417570114136
0.3727458417415619
0.33635249733924866
0.31437379121780396
0.3418310880661011
0.35106897354125977
0.45464468002319336
0.21646422147750854
0.34586548805236816
0.22578278183937073
0.046508535742759705
0.2568620443344116
0.34523719549179077
0.194881409406662
0.22251349687576294
0.31828510761260986
0.45682793855667114
0.3083574175834656
0.37862449884414673
0.22471937537193298
0.42477816343307495
0.40393006801605225
0.47583067417144775
0.2391459047794342
0.24241700768470764
0.41404372453689575
0.5454877614974976
0.2510940730571747
0.10315236449241638
0.3216540813446045
0.27853265404701233
0.3496253490447998
0.17514997720718384
0.31316012144088745
0.3126678764820099
0.07517378777265549
0.3054843544960022
0.420951247215271
0.42548590898513794
0.3290405869483948
0.36886098980903625
0.26281285285949707
0.5238088965415955
0.3276999592781067
0.24469110369682312
0.31149154901504517
0.3595520853996277
0.2782481908798218
0.3108856678009033
0.2023720145225525
0.3608132004737854
0.41477465629577637
0.4658769369125366
0.295208603143692
0.4283955693244934
0.46860963106155396
0.38165295124053955
0.33322638273239136
0.5002595782279968
0.5059687495231628
0.3779262900352478
0.6120238900184631
0.4423440098762512
0.40443891286849976
0.196528822183609
0.22660008072853088
0.2657284140586853
0.27008020877838135
0.1603946089744568
0.35869064927101135
0.2969653606414795
0.36369800567626953
0.25051650404930115
0.33554625511169434
0.39694327116012573
0.26239708065986633
0.31767404079437256
0.3271752595901489
0.3373245596885681
0.22424258291721344
0.42553240060806274
0.33238154649734497
0.389018177986145
0.27329960465431213
0.25308889150619507
0.35925281047821045
0.18661624193191528
0.1009950190782547
0.3836008310317993
0.32240980863571167
0.5519726276397705
0.2589890956878662
0.4124741554260254
0.2809843420982361
0.40922242403030396
0.39376571774482727
0.49584394693374634
0.250318706035614
0.48086851835250854
0.42207497358322144
0.40321534872055054
0.1609296053647995
0.32734501361846924
0.4438587427139282
0.11675769090652466
0.42607688903808594
0.3838174343109131
0.39374274015426636
0.2811015844345093
0.36200469732284546
0.1984865665435791
0.49890291690826416
0.1874837726354599
0.44632136821746826
0.3623151183128357
0.3456794023513794
0.1786184310913086
0.3863227963447571
0.3474646806716919
0.2699642777442932
0.3942010998725891
0.4242405295372009
0.36696186661720276
0.4275660514831543
0.19604800641536713
0.22017522156238556
0.3798595666885376
0.12347730994224548
0.3393319249153137
0.2558148503303528
0.16304263472557068
0.5589472651481628
0.3491106331348419
0.28337955474853516
0.3111640214920044
0.2976580858230591
0.33012765645980835
0.38539063930511475
0.34560197591781616
0.25887447595596313
0.23936069011688232
0.33770474791526794
0.32389530539512634
0.3645949065685272
0.46312588453292847
0.40529221296310425
0.2829240560531616
0.3019373416900635
0.4122317433357239
0.2539331316947937
0.30423617362976074
0.24216629564762115
0.2745180130004883
0.37983983755111694
0.21154405176639557
0.4342157244682312
0.11348971724510193
0.17768368124961853
0.22304606437683105
0.3345470726490021
0.25864869356155396
0.28925931453704834
0.07087985426187515
0.1770697683095932
0.28561997413635254
0.52681565284729
0.30708664655685425
0.2542557120323181
0.2643348276615143
0.3274464011192322
0.31920796632766724
0.2751098871231079
0.21279999613761902
0.2302960753440857
0.22646212577819824
0.4024236798286438
0.18798968195915222
0.3798172175884247
0.30202871561050415
0.3640345335006714
0.35772332549095154
0.489935040473938
0.20959436893463135
0.318080335855484
0.49306702613830566
0.10801269114017487
0.3207147419452667
0.34400832653045654
0.4128040075302124
0.3242473006248474
0.4432910680770874
0.4643881916999817
0.5450740456581116
0.2312745749950409
0.2561209499835968
0.3862419128417969
0.21830341219902039
0.37395691871643066
0.5906605124473572
0.36784476041793823
0.37392306327819824
0.25256234407424927
0.31272751092910767
0.20510756969451904
0.2748391330242157
0.38970106840133667
0.35466814041137695
0.3201090097427368
0.2749062776565552
0.3525238633155823
0.33260005712509155
0.272219717502594
0.3901592493057251
0.24681514501571655
0.22313512861728668
0.5369858145713806
0.37419015169143677
0.4083399772644043
0.3370692729949951
0.2611047327518463
0.3990209102630615
0.24231043457984924
0.4759078621864319
0.47500115633010864
0.2962062954902649
0.2857682704925537
0.43343573808670044
0.4501877427101135
0.16199073195457458
0.44026899337768555
0.2496393918991089
0.19190870225429535
0.2216714322566986
0.277771532535553
0.2979728579521179
0.3184802532196045
0.41652989387512207
0.3516760766506195
0.24703216552734375
0.5211313962936401
0.1599847376346588
0.44889920949935913
0.2935505211353302
0.45320308208465576
0.2818176746368408
0.31417348980903625
0.2263474464416504
0.06559167802333832
0.18550226092338562
0.36216121912002563
0.46681517362594604
0.3113684058189392
0.3940316438674927
0.41672050952911377
0.25265058875083923
0.395267128944397
0.26000291109085083
0.12163650989532471
0.3718867599964142
0.3660845160484314
0.21778622269630432
0.2872351408004761
0.3073580861091614
0.26182442903518677
0.41876548528671265
0.2821313738822937
0.4567146301269531
0.2748086154460907
0.2666107416152954
0.39228570461273193
0.4332091808319092
0.2953453063964844
0.1776062399148941
0.34586548805236816
0.38605713844299316
0.20894579589366913
0.2714005708694458
0.48779141902923584
0.22044934332370758
0.5018407702445984
0.574461817741394
0.24646994471549988
0.23538276553153992
0.4076912999153137
0.2687550187110901
0.465487003326416
0.31357043981552124
0.4890215992927551
0.1919727325439453
0.31657710671424866
0.3479611873626709
0.3045090436935425
0.12023735791444778
0.4909023642539978
0.2801104187965393
0.35675331950187683
0.3014063239097595
0.22842445969581604
0.3612995147705078
0.14338521659374237
0.39739790558815
0.10205686837434769
0.210086852312088
0.33726727962493896
0.10436481982469559
0.3404551148414612
0.29325446486473083
0.3617044985294342
0.4523337483406067
0.3323594033718109
0.3782914876937866
0.3635348379611969
0.27029943466186523
0.43563079833984375
0.39056897163391113
0.2220907211303711
0.24280449748039246
0.22086478769779205
0.19015568494796753
0.3056185841560364
0.11504760384559631
0.3851909041404724
0.393919974565506
0.29216229915618896
0.5341522693634033
0.18415115773677826
0.34983235597610474
0.4099242687225342
0.3209236264228821
0.30458033084869385
0.29782354831695557
0.2220381200313568
0.25000977516174316
0.24266216158866882
0.2882678508758545
0.21943125128746033
0.2988683581352234
0.38996511697769165
0.24689416587352753
0.2154909372329712
0.3521846532821655
0.3612836003303528
0.5099916458129883
0.22881290316581726
0.3005502223968506
0.4568536877632141
0.06312369555234909
0.05876493453979492
0.38650062680244446
0.2563396692276001
0.4902123212814331
0.3570498526096344
0.2506086826324463
0.3611234724521637
0.4249093532562256
0.3398991823196411
0.26638007164001465
0.24805998802185059
0.43102073669433594
0.32027050852775574
0.3861970007419586
0.4072997570037842
0.467204213142395
0.5982598662376404
0.4266865849494934
0.5580708384513855
0.29413777589797974
0.2654283046722412
0.25545352697372437
0.24954025447368622
0.368053138256073
0.24921084940433502
0.36724311113357544
0.4622676968574524
0.18144488334655762
0.38192617893218994
0.3428212106227875
0.31434357166290283
0.2506604492664337
0.09991253912448883
0.236708402633667
0.17267318069934845
0.4068053364753723
0.6339331865310669
0.17191025614738464
0.3138576149940491
0.3619782328605652
0.3060866594314575
0.3070949912071228
0.5069865584373474
0.2737017273902893
0.4603719711303711
0.4749879240989685
0.22806747257709503
0.16105423867702484
0.12653551995754242
0.38749104738235474
0.23162248730659485
0.37152719497680664
0.4029725193977356
0.0901045873761177
0.39103424549102783
0.2552844285964966
0.3994763493537903
0.4770509600639343
0.35047873854637146
0.07421015202999115
0.2849774658679962
0.2746628522872925
0.35435038805007935
0.23740758001804352
0.4950568675994873
0.2578834295272827
0.19887132942676544
0.21901176869869232
0.28889188170433044
0.20901691913604736
0.3953631520271301
0.4056655168533325
0.07428833842277527
0.2183222770690918
0.26863348484039307
0.25934094190597534
0.377327024936676
0.2928737998008728
0.23115310072898865
0.2643668055534363
0.5392273664474487
0.4167044758796692
0.2927241921424866
0.2692766785621643
0.3343416154384613
0.3333950638771057
0.3876975476741791
0.3158825635910034
0.13979201018810272
0.22663843631744385
0.23312266170978546
0.4293484687805176
0.2516013979911804
0.366860568523407
0.38065481185913086
0.400423526763916
0.38309210538864136
0.20369791984558105
0.31404322385787964
0.37247657775878906
0.3862232565879822
0.22473005950450897
0.2678374648094177
0.40300095081329346
0.25310900807380676
0.3811541795730591
0.11431089788675308
0.06663990765810013
0.3937996029853821
0.3979009687900543
0.2822715938091278
0.1898653209209442
0.40604060888290405
0.30574530363082886
0.25732773542404175
0.18169009685516357
0.35413244366645813
0.2102164477109909
0.3722458779811859
0.3629497289657593
0.4231474995613098
0.11752364039421082
0.09156861156225204
0.41994160413742065
0.2715747654438019
0.4638901352882385
0.24765537679195404
0.32732224464416504
0.23811009526252747
0.18102006614208221
0.19983980059623718
0.20689933001995087
0.2674243748188019
0.2970336675643921
0.3437342643737793
0.19223585724830627
0.2665722668170929
0.19686731696128845
0.40377241373062134
0.18226797878742218
0.3077133297920227
0.2897714078426361
0.3450167775154114
0.1687052845954895
0.14659790694713593
0.4194496273994446
0.18352821469306946
0.208073228597641
0.2843320965766907
0.2629552483558655
0.25490087270736694
0.38158315420150757
0.09209977090358734
0.3924099802970886
0.1450200080871582
0.26721256971359253
0.3342648148536682
0.4045925736427307
0.36783233284950256
0.3200773000717163
0.22039325535297394
0.3069978952407837
0.417944073677063
0.4536987543106079
0.3692265748977661
0.24805569648742676
0.3952530026435852
0.41968828439712524
0.22946466505527496
0.22806677222251892
0.10168289393186569
0.3919065594673157
0.4675665497779846
0.3092883825302124
0.29960769414901733
0.3203693628311157
0.3785661458969116
0.2039855420589447
0.29463160037994385
0.25192174315452576
0.39972782135009766
0.383046954870224
0.24000561237335205
0.25877904891967773
0.2859395146369934
0.2778647541999817
0.2050296664237976
0.3610052764415741
0.49811363220214844
0.2920895218849182
0.31146711111068726
0.10784350335597992
0.48672157526016235
0.208335280418396
0.36861711740493774
0.21065670251846313
0.4189329147338867
0.47202789783477783
0.3327294588088989
0.28821301460266113
0.5318559408187866
0.24706310033798218
0.19768933951854706
0.3810119032859802
0.4121509790420532
0.3323286771774292
0.326656699180603
0.31493139266967773
0.31388717889785767
0.26839300990104675
0.29277315735816956
0.27057594060897827
0.19801780581474304
0.5102600455284119
0.32699906826019287
0.28024354577064514
0.44350749254226685
0.2249925583600998
0.3350588083267212
0.2134905457496643
0.33716583251953125
0.4119681715965271
0.3597574234008789
0.46356499195098877
0.2576901316642761
0.1809813529253006
0.2620275616645813
0.0651979073882103
0.22680987417697906
0.1548842191696167
0.387362003326416
0.3646504580974579
0.20302045345306396
0.3392198085784912
0.2741119861602783
0.39523130655288696
0.35071396827697754
0.11738479137420654
0.1281631737947464
0.34958112239837646
0.24176350235939026
0.4991082549095154
0.2945125997066498
0.3215526342391968
0.2460392713546753
0.4017297625541687
0.23584574460983276
0.41730695962905884
0.1848590075969696
0.2678520679473877
0.34469956159591675
0.393940269947052
0.3960062861442566
0.12271887809038162
0.3913050889968872
0.27924758195877075
0.3509286046028137
0.34932875633239746
0.5144802927970886
0.4591229557991028
0.2907528579235077
0.2482897937297821
0.37359148263931274
0.3026955723762512
0.29989156126976013
0.21889597177505493
0.23073145747184753
0.3281921148300171
0.3198363184928894
0.5746597051620483
0.46113359928131104
0.22236678004264832
0.29062700271606445
0.5794286727905273
0.34687188267707825
0.38301029801368713
0.24166043102741241
0.2711246609687805
0.16636189818382263
0.4929739236831665
0.3046726584434509
0.5986570119857788
0.3036821484565735
0.3409231901168823
0.34389984607696533
0.46211957931518555
0.2674233913421631
0.2657262682914734
0.39600419998168945
0.2831677794456482
0.24180595576763153
0.2796128988265991
0.32493290305137634
0.2614014148712158
0.44204193353652954
0.37025386095046997
0.6101897358894348
0.2567927837371826
0.21679344773292542
0.4993351697921753
0.3336372971534729
0.40266311168670654
0.26955533027648926
0.295373797416687
0.22419925034046173
0.21054083108901978
0.20310494303703308
0.2244710922241211
0.3712472915649414
0.4369402527809143
0.4495004415512085
0.24586376547813416
0.23625651001930237
0.1777021437883377
0.2964257597923279
0.2875659167766571
0.4780752658843994
0.1904403418302536
0.3256598711013794
0.25209832191467285
0.4028339982032776
0.4440363049507141
0.25357627868652344
0.19099274277687073
0.22640277445316315
0.3046334683895111
0.1983453333377838
0.42406219244003296
0.4451214075088501
0.2908664345741272
0.30802035331726074
0.3682766556739807
0.35150933265686035
0.21068868041038513
0.1948413997888565
0.381136417388916
0.4214214086532593
0.2881399989128113
0.26225900650024414
0.3707864284515381
0.4704015254974365
0.41401398181915283
0.20532691478729248
0.30597835779190063
0.20624972879886627
0.36704596877098083
0.2878798246383667
0.15449759364128113
0.2023913562297821
0.4409332871437073
0.09979956597089767
0.268790066242218
0.3705171048641205
0.4591943025588989
0.4834400415420532
0.4099658131599426
0.30920931696891785
0.531700074672699
0.29033827781677246
0.4410001039505005
0.26905614137649536
0.34838736057281494
0.40267252922058105
0.476409375667572
0.2464110255241394
0.35666704177856445
0.22499263286590576
0.23045846819877625
0.35783326625823975
0.3183707594871521
0.28256428241729736
0.36506277322769165
0.24361203610897064
0.37109941244125366
0.45005834102630615
