0.2819992005825043
0.17306888103485107
0.2846198081970215
0.2550744116306305
0.24189072847366333
0.1868058294057846
0.1996055543422699
0.2778468132019043
0.31657272577285767
0.26351189613342285
0.27173563838005066
0.3647252321243286
0.20287764072418213
0.2953073978424072
0.22986115515232086
0.2604491412639618
0.24123705923557281
0.19196656346321106
0.3028697371482849
0.27123168110847473
0.2671716809272766
0.27947142720222473
0.2528436779975891
0.24893932044506073
0.2624119520187378
0.3634612560272217
0.33920109272003174
0.23208296298980713
0.2707950174808502
0.20717793703079224
0.23385024070739746
0.3788493275642395
0.23784208297729492
0.27655839920043945
0.3343706727027893
0.28803446888923645
0.2469416856765747
0.265252023935318
0.24653348326683044
0.2737666368484497
0.2984159588813782
0.2525635361671448
0.25958019495010376
0.3337210416793823
0.18116898834705353
0.23991525173187256
0.238948792219162
0.25698715448379517
0.297254741191864
0.27302324771881104
0.21962296962738037
0.28044232726097107
0.27322909235954285
0.24336692690849304
0.20866280794143677
0.30152153968811035
0.3061802387237549
0.24353934824466705
0.24153442680835724
0.2560945451259613
0.2564232647418976
0.2967192530632019
0.2684176564216614
0.3104020357131958
0.23344025015830994
0.2231324315071106
0.2286365032196045
0.13869717717170715
0.2007606476545334
0.2930941581726074
0.23213991522789001
0.22748926281929016
0.24686521291732788
0.18111690878868103
0.20119234919548035
0.18694216012954712
0.29790496826171875
0.29382821917533875
0.3476826548576355
0.20643329620361328
0.31353431940078735
0.19977061450481415
0.22195512056350708
0.2566627264022827
0.24447444081306458
0.19759589433670044
0.2247321903705597
0.1535213142633438
0.2741970717906952
0.29515892267227173
0.2939170002937317
0.18669624626636505
0.22513633966445923
0.19764545559883118
0.26416563987731934
0.17571976780891418
0.20238065719604492
0.2231145203113556
0.2933107018470764
0.30234435200691223
0.3878123164176941
0.27317458391189575
0.21495510637760162
0.23700422048568726
0.32453101873397827
0.20912209153175354
0.3001921772956848
0.31014484167099
0.21948274970054626
0.2035112977027893
0.20195691287517548
0.25211042165756226
0.26288533210754395
0.19206537306308746
0.21104609966278076
0.205353245139122
0.30574649572372437
0.25112253427505493
0.255470335483551
0.3193558156490326
0.27134740352630615
0.33551281690597534
0.21592089533805847
0.30565983057022095
0.24892202019691467
0.31945279240608215
0.2620668411254883
0.23273685574531555
0.24405412375926971
0.30746328830718994
0.27209344506263733
0.27488353848457336
0.22975270450115204
0.26508021354675293
0.1544588804244995
0.24339602887630463
0.3150821030139923
0.24731606245040894
0.38595128059387207
0.23582276701927185
0.3594772219657898
0.32315054535865784
0.2649032771587372
0.3344273567199707
0.26248452067375183
0.2023070901632309
0.32460999488830566
0.1561051905155182
0.23818716406822205
0.2485986202955246
0.24620775878429413
0.2868248224258423
0.2537482976913452
0.28037089109420776
0.24633784592151642
0.282012403011322
0.30521896481513977
0.2954118847846985
0.2338653802871704
0.2632547914981842
0.2589584290981293
0.27601420879364014
0.28357869386672974
0.23779802024364471
0.46707361936569214
0.1688045710325241
0.20589707791805267
0.31908732652664185
0.24371135234832764
0.19502107799053192
0.22199220955371857
0.32892367243766785
0.24883832037448883
0.27943727374076843
0.266513466835022
0.2094997614622116
0.2260141223669052
0.17981065809726715
0.34122782945632935
0.2675643861293793
0.3005971908569336
0.2230023294687271
0.30643230676651
0.17683207988739014
0.2765076756477356
0.24386157095432281
0.24667829275131226
0.23351965844631195
0.23211634159088135
0.21771731972694397
0.23213829100131989
0.2735472321510315
0.28548282384872437
0.18383246660232544
0.3290855884552002
0.30328643321990967
0.3096255660057068
0.26585155725479126
0.2523527443408966
0.31554853916168213
0.24955278635025024
0.28141582012176514
0.3012368977069855
0.23398126661777496
0.25997382402420044
0.3239964246749878
0.3212538957595825
0.16860070824623108
0.27440112829208374
0.3414125144481659
0.2622763514518738
0.27840542793273926
0.2088874727487564
0.30509310960769653
0.30658531188964844
0.2831948399543762
0.21699878573417664
0.2131880819797516
0.5214848518371582
0.31390252709388733
0.2628873586654663
0.30733880400657654
0.2583167254924774
0.2550274729728699
0.3218061029911041
0.27927082777023315
0.2119579017162323
0.252495139837265
0.2217574119567871
0.20181921124458313
0.34622329473495483
0.24083311855793
0.23488199710845947
0.3417835831642151
0.25201237201690674
0.24050059914588928
0.21543461084365845
0.3119029104709625
0.2360757291316986
0.2625347971916199
0.36026787757873535
0.26981520652770996
0.2389519363641739
0.26872748136520386
0.28618714213371277
0.22600065171718597
0.2887445390224457
0.2222435474395752
0.25953158736228943
0.23369447886943817
0.2586326003074646
0.21813297271728516
0.25097787380218506
0.20495936274528503
0.22488069534301758
0.23250609636306763
0.31621330976486206
0.24666820466518402
0.19829076528549194
0.25775209069252014
0.235078364610672
0.2519780993461609
0.24225088953971863
0.27351289987564087
0.2600332498550415
0.3147369623184204
0.3388948440551758
0.1963549554347992
0.2543267607688904
0.24892191588878632
0.21767431497573853
0.3278576135635376
0.23847448825836182
0.26954126358032227
0.3239419162273407
0.279167115688324
0.228751540184021
0.21277911961078644
0.32567882537841797
0.39087504148483276
0.2445620894432068
0.24842354655265808
0.2094409167766571
0.26614445447921753
0.18883617222309113
0.22195255756378174
0.2215348184108734
0.33686524629592896
0.15358862280845642
0.2655046284198761
0.2541118264198303
0.2824542820453644
0.2166214883327484
0.2701255679130554
0.2317887246608734
0.3074159622192383
0.28040677309036255
0.21469642221927643
0.275145947933197
0.25404083728790283
0.2515467405319214
0.35894763469696045
0.2510085105895996
0.2409573793411255
0.2118140459060669
0.2478836178779602
0.24478140473365784
0.30607688426971436
0.27568066120147705
0.2682289183139801
0.27322959899902344
0.2832569479942322
0.3125527799129486
0.35651612281799316
0.2223353534936905
0.22848674654960632
0.2709473967552185
0.27243995666503906
0.32649242877960205
0.16836893558502197
0.2587891221046448
0.23608414828777313
0.343209445476532
0.27347517013549805
0.32896101474761963
0.25979411602020264
0.2750493288040161
0.23344743251800537
0.2177199423313141
0.24690191447734833
0.2432277500629425
0.22538205981254578
0.27345871925354004
0.27305060625076294
0.19502995908260345
0.318300724029541
0.33621013164520264
0.21678629517555237
0.3025919198989868
0.2177833914756775
0.19069842994213104
0.2799898386001587
0.2752661108970642
0.2652304172515869
0.3360936641693115
0.25048336386680603
0.241009920835495
0.23910045623779297
0.23928964138031006
0.27583301067352295
0.2727232873439789
0.2369317263364792
0.17233315110206604
0.3065459132194519
0.2310556024312973
0.30941659212112427
0.2947629690170288
0.18384134769439697
0.24554140865802765
0.3822856545448303
0.24592670798301697
0.24137410521507263
0.28386861085891724
0.2904154658317566
0.2862466275691986
0.24410203099250793
0.2693442106246948
0.2756635248661041
0.20847517251968384
0.2868378758430481
0.24236246943473816
0.23812457919120789
0.2736065089702606
0.2957824766635895
0.2973802089691162
0.3313024044036865
0.27114471793174744
0.2224648892879486
0.21168360114097595
0.25102463364601135
0.27255794405937195
0.32036691904067993
0.2949432134628296
0.2639159560203552
0.3018784523010254
0.24149730801582336
0.33528292179107666
0.34897297620773315
0.23847462236881256
0.28727197647094727
0.22609968483448029
0.29116252064704895
0.3015154302120209
0.23359084129333496
0.24670174717903137
0.28886064887046814
0.27956467866897583
0.24492493271827698
0.2592312693595886
0.34203803539276123
0.29740262031555176
0.3135007619857788
0.2986372113227844
0.22862206399440765
0.28212425112724304
0.2963939309120178
0.24054349958896637
0.2494174987077713
0.2763889729976654
0.22992654144763947
0.2807356119155884
0.28280943632125854
0.25444430112838745
0.357145220041275
0.2544768154621124
0.24584119021892548
0.20253051817417145
0.28143274784088135
0.1940746307373047
0.26753219962120056
0.2465648055076599
0.3553256392478943
0.1637629121541977
0.22772690653800964
0.32251983880996704
0.24260538816452026
0.2842899262905121
0.2268715500831604
0.21954181790351868
0.21007972955703735
0.17064182460308075
0.22770196199417114
0.19587182998657227
0.22163128852844238
0.2884262204170227
0.3123576045036316
0.22068409621715546
0.2726401686668396
0.2555597126483917
0.3150303363800049
0.2312740683555603
0.2129773497581482
0.31172510981559753
0.2534968852996826
0.3448769152164459
0.279978483915329
0.3998619318008423
0.3094133734703064
0.2002371847629547
0.28449010848999023
0.17964188754558563
0.38046592473983765
0.3081599473953247
0.21867570281028748
0.3029823303222656
0.324502170085907
0.17155563831329346
0.2703218162059784
0.2783668637275696
0.20763437449932098
0.24504660069942474
0.45436424016952515
0.3085988759994507
0.1893511861562729
0.2458769977092743
0.26099875569343567
0.31568291783332825
0.16229887306690216
0.15250402688980103
0.21862980723381042
0.23067717254161835
0.3769844174385071
0.3224536180496216
0.3221111595630646
0.2691726088523865
0.2898617386817932
0.28631460666656494
0.2750445008277893
0.2688773572444916
0.4168226718902588
0.2518388032913208
0.32803255319595337
0.25242623686790466
0.18902184069156647
0.2717471420764923
0.23454570770263672
0.38227391242980957
0.19126060605049133
0.29277563095092773
0.18739362061023712
0.314144492149353
0.2802385091781616
0.23757511377334595
0.3375646471977234
0.2918128967285156
0.1996307224035263
0.28501617908477783
0.2907034158706665
0.2854726314544678
0.2286880612373352
0.2044316977262497
0.343106746673584
0.25191956758499146
0.2377088963985443
0.2809714078903198
0.2238055169582367
0.27805835008621216
0.163688063621521
0.1786673218011856
0.3461584448814392
0.43209952116012573
0.22349050641059875
0.3854711949825287
0.25156930088996887
0.2250661849975586
0.235303595662117
0.267348051071167
0.2676811218261719
0.2035030722618103
0.18217551708221436
0.29293501377105713
0.2139710783958435
0.3382563591003418
0.20049551129341125
0.34300893545150757
0.2516711354255676
0.19732855260372162
0.19918321073055267
0.23441272974014282
0.32950443029403687
0.1805810034275055
0.3056453764438629
0.2712358236312866
0.3633849620819092
0.2732194662094116
0.26180705428123474
0.25776776671409607
0.3061675429344177
0.2737661898136139
0.18742546439170837
0.3077749013900757
0.24521687626838684
0.19336330890655518
0.37125685811042786
0.3695865273475647
0.24546551704406738
0.2757317125797272
0.21148724853992462
0.2910497188568115
0.32644861936569214
0.2337682545185089
0.30976754426956177
0.2611779570579529
0.23501800000667572
0.1998041272163391
0.28959891200065613
0.3351498246192932
0.3014921247959137
0.2071351557970047
0.406205952167511
0.2573353052139282
0.24230307340621948
0.2337745577096939
0.2866610884666443
0.3900214433670044
0.19880035519599915
0.3206866383552551
0.18276076018810272
0.2953287959098816
0.29265809059143066
0.23943132162094116
0.233840674161911
0.25591009855270386
0.2742713689804077
0.24018418788909912
0.22127337753772736
0.32573822140693665
0.19674229621887207
0.3300917446613312
0.22355300188064575
0.21919605135917664
0.30362045764923096
0.2870403826236725
0.14604902267456055
0.3033437132835388
0.30984511971473694
0.36498069763183594
0.3037942051887512
0.2349453717470169
0.32913023233413696
0.2945404052734375
0.12874086201190948
0.23263022303581238
0.3078964352607727
0.34777939319610596
0.23474352061748505
0.28310075402259827
0.2912306785583496
0.22916176915168762
0.28271377086639404
0.15965640544891357
0.2777200937271118
0.2122633159160614
0.2616376280784607
0.2828916311264038
0.28885984420776367
0.2572997808456421
0.22316426038742065
0.25334295630455017
0.3346349596977234
0.2735864520072937
0.22457188367843628
0.20342355966567993
0.15792964398860931
0.37964433431625366
0.3508085012435913
0.20849454402923584
0.2617539167404175
0.19730570912361145
0.2781441807746887
0.3416106104850769
0.2676764726638794
0.2878255248069763
0.22712984681129456
0.3346381187438965
0.22901907563209534
0.2435634285211563
0.24144476652145386
0.2291335165500641
0.25738662481307983
0.23816871643066406
0.2456943690776825
0.2730526924133301
0.2500024139881134
0.22124533355236053
0.26779428124427795
0.20683082938194275
0.22532683610916138
0.243956059217453
0.2813494801521301
0.2449742555618286
0.20886540412902832
0.19108843803405762
0.2766112685203552
0.26755577325820923
0.18037012219429016
0.31612029671669006
0.24453531205654144
0.28129881620407104
0.23474007844924927
0.17951753735542297
0.3013771176338196
0.285050630569458
0.2307019978761673
0.38768714666366577
0.234614297747612
0.33284568786621094
0.13498273491859436
0.36525100469589233
0.29013004899024963
0.29934096336364746
0.32933706045150757
0.2593299448490143
0.3559914231300354
0.2984433174133301
0.32203176617622375
0.20690055191516876
0.3018971085548401
0.4315726161003113
0.26231849193573
0.3100917339324951
0.2784497141838074
0.29192253947257996
0.25441884994506836
0.3009845018386841
0.22668039798736572
0.3095189332962036
0.2416653037071228
0.27819928526878357
0.28391748666763306
0.2214176058769226
0.2819167375564575
0.3409079313278198
0.30738693475723267
0.2875484824180603
0.3384072184562683
0.2059333175420761
0.20226049423217773
0.3259713351726532
0.2239757776260376
0.24669194221496582
0.26114246249198914
0.3522959351539612
0.325747549533844
0.37297916412353516
0.3003160357475281
0.24638023972511292
0.31340324878692627
0.39387762546539307
0.29879042506217957
0.2899572253227234
0.1771780252456665
0.222648486495018
0.2579185366630554
0.32619282603263855
0.29039040207862854
0.30796122550964355
0.27438127994537354
0.33728504180908203
0.3373105525970459
0.2292228639125824
0.28163647651672363
0.3567904233932495
0.26072967052459717
0.2535381019115448
0.21364657580852509
0.2171325981616974
0.24204686284065247
0.23069888353347778
0.2729951739311218
0.24333561956882477
0.33392995595932007
0.2868950664997101
0.18643668293952942
0.2150982916355133
0.2629234790802002
0.17995236814022064
0.2792143225669861
0.2603732943534851
0.23041871190071106
0.32118117809295654
0.1916956901550293
0.16466890275478363
0.2995729148387909
0.23738202452659607
0.21580427885055542
0.2916700839996338
0.3104669451713562
0.26351460814476013
0.3265393078327179
0.31635257601737976
0.2512020468711853
0.2965148091316223
0.20037391781806946
0.34162837266921997
0.20296382904052734
0.2266378253698349
0.19937016069889069
0.3074357211589813
0.27643948793411255
0.34605515003204346
0.28120261430740356
0.30197733640670776
0.3405126929283142
0.3068087100982666
0.2740657329559326
0.3486477732658386
0.1964024007320404
0.2553582489490509
0.22193960845470428
0.20963789522647858
0.2507282495498657
0.30815333127975464
0.261475145816803
0.2766900062561035
0.32821589708328247
0.31513577699661255
0.24833440780639648
0.3194352984428406
0.2339453399181366
0.21772393584251404
0.24763789772987366
0.3122311234474182
0.2335709035396576
0.19176188111305237
0.20920901000499725
0.24662035703659058
0.20151060819625854
0.2914038896560669
0.31191444396972656
0.19674144685268402
0.22022420167922974
0.3070644736289978
0.2757102847099304
0.21006092429161072
0.23978659510612488
0.24677766859531403
0.2409074604511261
0.28272828459739685
0.165283203125
0.23625865578651428
0.25834426283836365
0.31498581171035767
0.22614842653274536
0.246296226978302
0.2489657700061798
0.25493305921554565
0.2942628860473633
0.17284972965717316
0.2317764163017273
0.251039981842041
0.28182661533355713
0.49788641929626465
0.2590760290622711
0.11080938577651978
0.24657748639583588
0.20679429173469543
0.29601287841796875
0.3122636675834656
0.26640668511390686
0.3311271667480469
0.2046932876110077
0.20610594749450684
0.26641565561294556
0.20513835549354553
0.4294058084487915
0.2306223064661026
0.31200963258743286
0.27118411660194397
0.3087010979652405
0.21751201152801514
0.18624237179756165
0.24431568384170532
0.2182154357433319
0.18962553143501282
0.2484990656375885
0.26362845301628113
0.3189539313316345
0.22516825795173645
0.2349257618188858
0.32810866832733154
0.23461641371250153
0.13948574662208557
0.19296035170555115
0.222467839717865
0.23179669678211212
0.23620536923408508
0.3163555860519409
0.23003458976745605
0.2812790274620056
0.32769447565078735
0.34782689809799194
0.3003571033477783
0.3044933080673218
0.22811084985733032
0.22652536630630493
0.18351390957832336
0.29099059104919434
0.2835429310798645
0.2985026240348816
0.2373759150505066
0.30386877059936523
0.268531858921051
0.31306588649749756
0.19938912987709045
0.2434910535812378
0.2417372763156891
0.17713379859924316
0.21553736925125122
0.27420294284820557
0.24161171913146973
0.2392749786376953
0.26969775557518005
0.2762049436569214
0.24796709418296814
0.30770719051361084
0.27850812673568726
0.25852513313293457
0.16592179238796234
0.39127570390701294
0.2936672568321228
0.4304392337799072
0.2754834294319153
0.30625975131988525
0.3249882459640503
0.22613674402236938
0.25842493772506714
0.19455364346504211
0.27980485558509827
0.22384294867515564
0.2729581296443939
0.26475822925567627
0.18326878547668457
0.253953754901886
0.17877495288848877
0.22295869886875153
0.24480724334716797
0.32295870780944824
0.3999361991882324
0.3072919547557831
0.28517842292785645
0.24616709351539612
0.2060311734676361
0.24945539236068726
0.2530767023563385
0.11251452565193176
0.2919811010360718
0.31359243392944336
0.19305582344532013
0.20595937967300415
0.17926010489463806
0.3066053092479706
0.18723896145820618
0.2767256498336792
0.2543172538280487
0.332944393157959
0.24320508539676666
0.2996408939361572
0.23613250255584717
0.24544504284858704
0.27693015336990356
0.19551613926887512
0.23275884985923767
0.1845560371875763
0.25052839517593384
0.20795875787734985
0.21081461012363434
0.3186115026473999
0.23171792924404144
0.3125396966934204
0.290788471698761
0.2526801824569702
0.25122296810150146
0.302076518535614
0.23308178782463074
0.24596892297267914
0.31362688541412354
0.25335556268692017
0.20687875151634216
0.2662564516067505
0.3065059185028076
0.2286873161792755
0.26805344223976135
0.28082484006881714
0.25209707021713257
0.2166205644607544
0.23807194828987122
0.2539439797401428
0.1954306662082672
0.22814449667930603
0.24858412146568298
0.266716331243515
0.27477121353149414
0.25529634952545166
0.19568738341331482
0.4099661111831665
0.2684445083141327
0.2454296052455902
0.28840571641921997
0.29510071873664856
0.21895752847194672
0.219344824552536
0.23467481136322021
0.31115007400512695
0.2383645474910736
0.31762391328811646
0.309894859790802
0.3409777879714966
0.32356011867523193
0.22157520055770874
0.2166767567396164
0.2568049430847168
0.19195020198822021
0.31883108615875244
0.29737043380737305
0.22842510044574738
0.26983964443206787
0.1939157098531723
0.2937985360622406
0.29348593950271606
0.2733170986175537
0.26541879773139954
0.23733536899089813
0.19305503368377686
0.32431817054748535
0.2148602306842804
0.34048277139663696
0.2688787579536438
0.355884313583374
0.23366087675094604
0.2561454176902771
0.32785147428512573
0.32207879424095154
0.1926286518573761
0.4971480965614319
0.2707177996635437
0.18980887532234192
0.26568353176116943
0.33912625908851624
0.1736546754837036
0.22601088881492615
0.2206363081932068
0.28940731287002563
0.2815481424331665
0.3322714567184448
0.2712307870388031
0.2937951683998108
0.35299643874168396
0.3056379556655884
0.30101072788238525
0.2143344283103943
0.343618243932724
0.19426873326301575
0.16886846721172333
0.27053895592689514
0.3828393220901489
0.28912103176116943
0.2180398404598236
0.3114234209060669
0.29756975173950195
0.3299183249473572
0.24892303347587585
0.22464817762374878
0.28231823444366455
0.21114522218704224
0.21093948185443878
0.21604999899864197
0.2753949463367462
0.2572718858718872
0.29725566506385803
0.39513248205184937
0.30933666229248047
0.30228450894355774
0.23092539608478546
0.3264690041542053
0.2202092409133911
0.3342173993587494
0.2867196202278137
0.29404956102371216
0.2095373272895813
0.26117223501205444
0.24036166071891785
0.21074041724205017
0.24478162825107574
0.24781422317028046
0.16092076897621155
0.22433587908744812
0.290460467338562
0.2657448351383209
0.2799309492111206
0.31434667110443115
0.21323038637638092
0.25253140926361084
0.33599013090133667
0.23069946467876434
0.21790866553783417
0.27649664878845215
0.16804566979408264
0.27984315156936646
0.1977834701538086
0.3442264795303345
0.2765073776245117
0.2838301658630371
0.23122644424438477
0.17337875068187714
0.3083903193473816
0.34511393308639526
0.401225209236145
0.29656165838241577
0.28814923763275146
0.3574290871620178
0.24556225538253784
0.25108638405799866
0.26825451850891113
0.14914831519126892
0.2661946415901184
0.3720649480819702
0.29460448026657104
0.2949060797691345
0.2934666574001312
0.2086423635482788
0.28481149673461914
0.3761948347091675
0.25017476081848145
0.2664354741573334
0.215741366147995
0.2759155035018921
0.2694410979747772
0.34904319047927856
0.2897149920463562
0.17630529403686523
0.20467856526374817
0.23668935894966125
0.2720525860786438
0.20216436684131622
0.29629772901535034
0.12585961818695068
0.23519489169120789
0.35073959827423096
0.2574254870414734
0.2214389443397522
0.30103373527526855
0.23206454515457153
0.3535175919532776
0.3024193048477173
0.24396464228630066
0.2696002125740051
0.21987304091453552
0.29524505138397217
0.40168172121047974
0.23014777898788452
0.4449414014816284
0.24093952775001526
0.3332090973854065
0.25718048214912415
0.14906783401966095
0.3150399625301361
0.27877360582351685
0.3271738290786743
0.24637848138809204
0.26462942361831665
0.17698916792869568
0.2668797969818115
0.25285810232162476
0.22088085114955902
0.288074791431427
0.26168978214263916
0.12168341875076294
0.2516917884349823
0.22073973715305328
0.20192210376262665
0.23433920741081238
0.19018638134002686
0.2950042486190796
0.2788426876068115
0.268838495016098
0.32374125719070435
0.24363107979297638
0.32091066241264343
0.22417815029621124
0.346723347902298
0.2367464303970337
0.27955490350723267
0.2533685863018036
0.33849215507507324
0.2136322259902954
0.26400142908096313
0.21358098089694977
0.17426562309265137
0.2617802619934082
0.17139166593551636
0.23145723342895508
0.24698641896247864
0.2903425693511963
0.2790803909301758
0.2496277093887329
0.3498421609401703
0.3401842713356018
0.208892822265625
0.2603771388530731
0.36669331789016724
0.20675215125083923
0.28255748748779297
0.218288391828537
0.18331611156463623
0.28276026248931885
0.3038487434387207
0.2684286832809448
0.24140727519989014
0.18107619881629944
0.30620163679122925
0.2952706217765808
0.21758973598480225
0.24078510701656342
0.24369439482688904
0.21918711066246033
0.21274834871292114
0.1917358636856079
0.3786650002002716
0.2588168680667877
0.2966286540031433
0.2835800051689148
0.24333199858665466
0.229100301861763
0.26724278926849365
0.3078145980834961
0.21773384511470795
0.24612504243850708
0.3076023459434509
0.21379050612449646
0.23386771976947784
0.23026211559772491
0.2739282250404358
0.20354998111724854
0.33051005005836487
0.2616879343986511
0.27263110876083374
0.33364227414131165
0.28277891874313354
0.33255642652511597
0.29127150774002075
0.3044455051422119
0.29418909549713135
0.2953255772590637
0.26417189836502075
0.26396849751472473
0.2481154352426529
0.2626042664051056
0.12040981650352478
0.3166777491569519
0.2811736464500427
0.2708522081375122
0.30493026971817017
0.1669922173023224
0.2602887749671936
0.3438537120819092
0.33068692684173584
0.28896164894104004
0.27231115102767944
0.29206448793411255
0.4064362049102783
0.339300274848938
0.34758925437927246
0.2192028909921646
0.29098570346832275
0.25881344079971313
0.24367670714855194
0.2510790228843689
0.28096508979797363
0.2920604944229126
0.322232723236084
0.3008648753166199
0.3489869236946106
0.25174880027770996
0.24094830453395844
0.1366649717092514
0.37507960200309753
0.25449103116989136
0.2830069065093994
0.17181208729743958
0.2896185517311096
0.23278379440307617
0.2554347515106201
0.2590149939060211
0.25795769691467285
0.3131529986858368
0.21626955270767212
0.39062485098838806
0.2573740482330322
0.24215993285179138
0.18172630667686462
0.2560512125492096
0.1902969479560852
0.44097089767456055
0.3538548946380615
0.24121776223182678
0.12098817527294159
0.22533395886421204
0.3690851926803589
0.25226739048957825
0.23950009047985077
0.271505743265152
0.187237948179245
0.19228467345237732
0.2605398893356323
0.2874281406402588
0.19045113027095795
0.3226308226585388
0.2247944474220276
0.28448083996772766
0.20846916735172272
0.2963137626647949
0.2941405177116394
0.3098308742046356
0.30948197841644287
0.33990761637687683
0.20818088948726654
0.2836204171180725
0.2352198213338852
0.19031988084316254
0.2641890048980713
0.24449580907821655
0.3134204149246216
0.23422010242938995
0.29366469383239746
0.27804240584373474
0.3405081033706665
0.3127317428588867
0.3034544587135315
0.32055917382240295
0.3115389049053192
0.3155518174171448
0.21942606568336487
0.24940156936645508
0.26538750529289246
0.27367690205574036
0.24866007268428802
0.315483033657074
0.1878935992717743
0.302341103553772
0.295286625623703
0.19608396291732788
0.33769601583480835
0.2906974256038666
0.26861700415611267
0.33723944425582886
0.41298991441726685
0.183009073138237
0.29978829622268677
0.28499525785446167
0.29206955432891846
0.24170464277267456
0.27944326400756836
0.2183070182800293
0.257790207862854
0.3595621585845947
0.2921382188796997
0.22791610658168793
0.40049588680267334
0.18107503652572632
0.26054665446281433
0.36754584312438965
0.2844955325126648
0.33366838097572327
0.28154900670051575
0.16753262281417847
0.3235315978527069
0.2861408293247223
0.2903013229370117
0.3134547472000122
0.33854544162750244
0.25678083300590515
0.2019682079553604
0.26642030477523804
0.17706605792045593
0.29674044251441956
0.26983022689819336
0.3358176350593567
0.2389146238565445
0.19287462532520294
0.28728151321411133
0.23920407891273499
0.3103024959564209
0.30191874504089355
0.33256712555885315
0.38721543550491333
0.29814624786376953
0.24395212531089783
0.3736388385295868
0.24976225197315216
0.23710665106773376
0.3091747760772705
0.23158451914787292
0.2324903905391693
0.26852044463157654
0.23386341333389282
0.32373136281967163
0.2164243757724762
0.23263856768608093
0.29408687353134155
0.2993757724761963
0.18610920011997223
0.30561164021492004
0.19324912130832672
0.21787488460540771
0.37879425287246704
0.19294869899749756
0.34990501403808594
0.2412451207637787
0.2290927767753601
0.3072425127029419
0.2517890930175781
0.2714769244194031
0.24900077283382416
0.28303590416908264
0.2815857529640198
0.2612816095352173
0.3285704255104065
0.3064615726470947
0.21425653994083405
0.3360142409801483
0.2797061800956726
0.30407363176345825
0.18861772119998932
0.28617969155311584
0.2903260886669159
0.21053805947303772
0.28864598274230957
0.2334192395210266
0.24010545015335083
0.21338829398155212
0.3253910541534424
0.16745048761367798
0.14415903389453888
0.18796661496162415
0.3903295397758484
0.33547383546829224
0.24426981806755066
0.27410852909088135
0.2676072120666504
0.17227736115455627
0.22087940573692322
0.38329756259918213
0.3482149839401245
0.22105766832828522
0.34582406282424927
0.3430525064468384
0.22631877660751343
0.23898833990097046
0.18065963685512543
0.19190743565559387
0.32523787021636963
0.3036937117576599
0.2739166021347046
0.3187059462070465
0.35515478253364563
0.21781913936138153
0.2005322277545929
0.33063262701034546
0.17724528908729553
0.3077808618545532
0.2985967993736267
0.2319970428943634
0.38099491596221924
0.29368728399276733
0.307487815618515
0.25330084562301636
0.3119922876358032
0.23274105787277222
0.22474297881126404
0.26841825246810913
0.23324470221996307
0.26986783742904663
0.284110426902771
0.3085470497608185
0.18373385071754456
0.22580008208751678
0.24447043240070343
0.22148367762565613
0.22086787223815918
0.2754967212677002
0.32571226358413696
0.263426274061203
0.3067438006401062
0.40634065866470337
0.28093311190605164
0.38680654764175415
0.31179487705230713
0.25512319803237915
0.34468895196914673
0.3263380527496338
0.20573455095291138
0.2826475501060486
0.3224000036716461
0.23462365567684174
0.24004322290420532
0.31919538974761963
0.2011016607284546
0.2929529845714569
0.27962785959243774
0.26480215787887573
0.29408103227615356
0.2807588279247284
0.33139628171920776
0.343551367521286
0.3605940341949463
0.22883477807044983
0.24399736523628235
0.3277825117111206
0.2481003701686859
0.26242196559906006
0.29802054166793823
0.2568860650062561
0.26686131954193115
0.2594262361526489
0.3120533227920532
0.3401997685432434
0.25717228651046753
0.2251509428024292
0.2302994430065155
0.27551698684692383
0.24791675806045532
0.2099086344242096
0.2706184983253479
0.2555182874202728
0.4248860478401184
0.26609066128730774
0.26097390055656433
0.3368765711784363
0.2780812978744507
0.26869574189186096
0.2628418803215027
0.261435329914093
0.22908292710781097
0.22250303626060486
0.19822540879249573
0.3232229948043823
0.3144005537033081
0.2559313178062439
0.21887576580047607
0.25715065002441406
0.3504425883293152
0.2866004705429077
0.1970319002866745
0.3373899459838867
0.3334847688674927
0.24207106232643127
0.2475147843360901
0.24445129930973053
0.24240297079086304
0.18498191237449646
0.24347764253616333
0.34973299503326416
0.028703957796096802
0.25267016887664795
0.27917560935020447
0.23952969908714294
0.1853371262550354
0.23113027215003967
0.3234782814979553
0.28067344427108765
0.17973986268043518
0.23869483172893524
0.1689639538526535
0.26296377182006836
0.17827045917510986
0.20168595016002655
0.2590395510196686
0.21017873287200928
0.2917945384979248
0.2772778868675232
0.20170870423316956
0.21616242825984955
0.4379275441169739
0.24525189399719238
0.21221989393234253
0.28381526470184326
0.3072875738143921
0.3452887535095215
0.2823469042778015
0.2759498953819275
0.29396671056747437
0.20431223511695862
0.23659411072731018
0.1270226687192917
0.2298716902732849
0.17820946872234344
0.1890200674533844
0.19209639728069305
0.2832510471343994
0.1684989333152771
0.30329573154449463
0.29202669858932495
0.28534582257270813
0.3094356656074524
0.1984318196773529
0.2014540433883667
0.2852173447608948
0.12132221460342407
0.24054646492004395
0.2403956651687622
0.16467344760894775
0.29345548152923584
0.3103511929512024
0.18437443673610687
0.277468740940094
0.24041283130645752
0.2595474123954773
0.2635946273803711
0.2829796373844147
0.21792927384376526
0.2858642339706421
0.20169782638549805
0.27952197194099426
0.2070481777191162
0.2929438352584839
0.25865596532821655
0.26890820264816284
0.25738975405693054
0.3461635112762451
0.29739707708358765
0.38943785429000854
0.2314995527267456
0.2559109926223755
0.24295789003372192
0.17633351683616638
0.3573305606842041
0.16925325989723206
0.25084221363067627
0.24514317512512207
0.2403816133737564
0.21032023429870605
0.31364312767982483
0.3209928572177887
0.19956758618354797
0.2639290392398834
0.2047511637210846
0.2612936496734619
0.22860607504844666
0.2960333228111267
0.241026371717453
0.2994312644004822
0.2447214424610138
0.3047407865524292
0.31056857109069824
0.37482208013534546
0.20771148800849915
0.2951948344707489
0.2514502704143524
0.21426239609718323
0.2562621235847473
0.2945258617401123
0.24401722848415375
0.2370736002922058
0.2208670675754547
0.18465417623519897
0.40674275159835815
0.3070567548274994
0.22742518782615662
0.30666953325271606
0.263961523771286
0.3154178857803345
0.3433317542076111
0.2425442337989807
0.12964999675750732
0.21473731100559235
0.1896113157272339
0.2097751796245575
0.28573310375213623
0.29146459698677063
0.17892104387283325
0.1959560215473175
0.3541788160800934
0.2601383924484253
0.27017247676849365
0.2991105914115906
0.30216002464294434
0.23062890768051147
0.30780261754989624
0.2523903548717499
0.21038928627967834
0.21493633091449738
0.2533043920993805
0.2591596841812134
0.3424952030181885
0.41940784454345703
0.18212148547172546
0.292499303817749
0.13485336303710938
0.2805819511413574
0.25114163756370544
0.24631336331367493
0.24132272601127625
0.19798722863197327
0.2006593644618988
0.3214629292488098
0.257983535528183
0.2697594463825226
0.24797117710113525
0.24220505356788635
0.20830105245113373
0.2226281762123108
0.25098150968551636
0.33818554878234863
0.2731701135635376
0.23030748963356018
0.2795204520225525
0.26987168192863464
0.2966141700744629
0.2388554960489273
0.2507701516151428
0.25037726759910583
0.21118494868278503
0.15144741535186768
0.35437873005867004
0.2332739681005478
0.3214133083820343
0.3001374900341034
0.3116244375705719
0.32725420594215393
0.33988749980926514
0.3057674169540405
0.2565980851650238
0.22576579451560974
0.22469618916511536
0.2941238582134247
0.2673027515411377
0.23725882172584534
0.21671715378761292
0.26845866441726685
0.29903843998908997
0.18635058403015137
0.3144955635070801
0.2943957448005676
0.26377981901168823
0.24647106230258942
0.275359570980072
0.28985756635665894
0.2698405385017395
0.33383673429489136
0.27684664726257324
0.35421156883239746
0.20479846000671387
0.21436214447021484
0.25948241353034973
0.22161003947257996
0.26051512360572815
0.3041353225708008
0.3139107823371887
0.23050442337989807
0.24536052346229553
0.21218237280845642
0.27163445949554443
0.28172069787979126
0.30426156520843506
0.32344329357147217
0.23277518153190613
0.2308962345123291
0.2986947298049927
0.35056212544441223
0.29544782638549805
0.3288503885269165
0.23059669137001038
0.3382870554924011
0.25865262746810913
0.3340299129486084
0.21219471096992493
0.2448522448539734
0.2544378638267517
0.2819265127182007
0.23801478743553162
0.2826511859893799
0.2065054476261139
0.29854846000671387
0.26211977005004883
0.26042771339416504
0.29381224513053894
0.19924630224704742
0.29673799872398376
0.2783186435699463
0.20177212357521057
0.2458055168390274
0.27928808331489563
0.24405203759670258
0.20508632063865662
0.21001026034355164
0.27031588554382324
0.24623064696788788
0.2779386639595032
0.18957911431789398
0.26833194494247437
0.2028750330209732
0.2482263743877411
0.24576646089553833
0.16404585540294647
0.1965317726135254
0.22489199042320251
0.2752518653869629
0.24781319499015808
0.2726840376853943
0.3453648090362549
0.22485080361366272
0.22340187430381775
0.19674307107925415
0.23120631277561188
0.20109938085079193
0.3294104337692261
0.23003004491329193
0.22622177004814148
0.3376418948173523
0.2316703051328659
0.2663832902908325
0.2273080050945282
0.2617652118206024
0.2257130742073059
0.25730469822883606
0.3516024351119995
0.34676408767700195
0.3221328854560852
0.29196062684059143
0.23651769757270813
0.22289606928825378
0.22574645280838013
0.2987658381462097
0.21267995238304138
0.324332594871521
0.289517879486084
0.3700626790523529
0.20697762072086334
0.22525447607040405
0.25313806533813477
0.3192311227321625
0.32259905338287354
0.307155966758728
0.2966921925544739
0.35099804401397705
0.26028192043304443
0.2572305202484131
0.2898252606391907
0.22480197250843048
0.23469141125679016
0.31566476821899414
0.1990523785352707
0.2621130049228668
0.2436593472957611
0.3796963095664978
0.15244366228580475
0.3571890592575073
0.24869376420974731
0.23479944467544556
0.3439508080482483
0.339152991771698
0.22944243252277374
0.26790058612823486
0.20954234898090363
0.2501608729362488
0.2885821461677551
0.21823811531066895
0.20550812780857086
0.32280391454696655
0.2775101661682129
0.32470449805259705
0.3584256172180176
0.2658272385597229
0.23087665438652039
0.326875239610672
0.2574326992034912
0.30596232414245605
0.26587116718292236
0.30274832248687744
0.19276154041290283
0.2409248650074005
0.200461745262146
0.3085246682167053
0.21268197894096375
0.24416483938694
0.2918700873851776
0.2565731704235077
0.32020509243011475
0.285255491733551
0.1419409215450287
0.2328178584575653
0.19393423199653625
0.21223092079162598
0.26484787464141846
0.31825220584869385
0.1765412986278534
0.28696194291114807
0.2637293338775635
0.32433775067329407
0.20323272049427032
0.2789628505706787
0.2951524257659912
0.23260881006717682
0.2549954056739807
0.28650227189064026
0.25420111417770386
0.3242913484573364
0.23420430719852448
0.2812744975090027
0.36210763454437256
0.34274470806121826
0.3193187117576599
0.20954209566116333
0.22806429862976074
0.32146164774894714
0.22402793169021606
0.2687249183654785
0.23747122287750244
0.2824243903160095
0.25313496589660645
0.23264046013355255
0.24811355769634247
0.3234742283821106
0.31475532054901123
0.28993842005729675
0.28405362367630005
0.3158831000328064
0.18322467803955078
0.277502179145813
0.2074933499097824
0.23656795918941498
0.20608800649642944
0.24092689156532288
0.2423517405986786
0.2311680018901825
0.3459451198577881
0.20633001625537872
0.2367382049560547
0.22346414625644684
0.29341739416122437
0.20477686822414398
0.22533085942268372
0.22259047627449036
0.36459338665008545
0.29045143723487854
0.21619325876235962
0.32903891801834106
0.29696810245513916
0.2892338037490845
0.38685256242752075
0.26124298572540283
0.2598709166049957
0.2395964413881302
0.2959182858467102
0.3316437005996704
0.2334861159324646
0.2088053971529007
0.2539597451686859
0.27019375562667847
0.1621149480342865
0.25669026374816895
0.2779848575592041
0.3157840967178345
0.2209765911102295
0.18987643718719482
0.3476714789867401
0.29995375871658325
0.22736388444900513
0.32289302349090576
0.20245757699012756
0.2755064368247986
0.23559428751468658
0.29192203283309937
0.2991794943809509
0.1983884572982788
0.20408493280410767
0.3264229893684387
0.2665681838989258
0.40365827083587646
0.3140978217124939
0.2120925337076187
0.22958287596702576
0.17711937427520752
0.3620321750640869
0.25958171486854553
0.2720879316329956
0.2663474678993225
0.2491818368434906
0.2324458509683609
0.31463414430618286
0.27417808771133423
0.22049669921398163
0.21706412732601166
0.23953112959861755
0.29441505670547485
0.26859909296035767
0.24640433490276337
0.3206118941307068
0.18654794991016388
0.2979298233985901
0.2405996024608612
0.3012765645980835
0.26276353001594543
0.20807531476020813
0.21239952743053436
0.34396278858184814
0.255522221326828
0.24234046041965485
0.3547583818435669
0.2893713116645813
0.3091149926185608
0.26220837235450745
0.2848302125930786
0.2588971257209778
0.3026443123817444
0.2779799699783325
0.23010116815567017
0.33008086681365967
0.167088583111763
0.2468578815460205
0.33002451062202454
0.22052425146102905
0.2457704246044159
0.25393813848495483
0.28509777784347534
0.2659662961959839
0.22686588764190674
0.2410239577293396
0.25953221321105957
0.3825737535953522
0.2093711793422699
0.3499009609222412
0.14402402937412262
0.23278382420539856
0.36646223068237305
0.3063119649887085
0.35414212942123413
0.21873560547828674
0.31342923641204834
0.33620360493659973
0.3539268970489502
0.2138063609600067
0.2065969556570053
0.1480322778224945
0.2989821434020996
0.14154267311096191
0.2698630690574646
0.3332536220550537
0.26464107632637024
0.2443731427192688
0.2567318081855774
0.2519930601119995
0.2388744205236435
0.36266112327575684
0.1981515884399414
0.2636580765247345
0.2453157603740692
0.3038792014122009
0.24164408445358276
0.22251518070697784
0.22071659564971924
0.37362226843833923
0.24397867918014526
0.19402867555618286
0.25572049617767334
0.24045419692993164
0.25127995014190674
0.31846389174461365
0.2560478150844574
0.22201156616210938
0.2034156620502472
0.2537553608417511
0.3561263382434845
0.2648121416568756
0.2690380811691284
0.2815209627151489
0.22071847319602966
0.27698665857315063
0.23264336585998535
0.250455766916275
0.2616245150566101
0.14941200613975525
0.18994858860969543
0.19659662246704102
0.28730693459510803
0.2588660717010498
0.24527505040168762
0.2384933978319168
0.22867150604724884
0.19302739202976227
0.3041684925556183
0.2694370746612549
0.27873584628105164
0.22143065929412842
0.27614283561706543
0.26467636227607727
0.24423468112945557
0.27926746010780334
0.19819271564483643
0.3147750496864319
0.3242967426776886
0.2650415301322937
0.2813637852668762
0.2587277889251709
0.18834222853183746
0.22938847541809082
0.33974170684814453
0.251587837934494
0.23673272132873535
0.24993841350078583
0.3047410547733307
0.3276185393333435
0.31452083587646484
0.2768896520137787
0.22702987492084503
0.20191775262355804
0.27875757217407227
0.33251118659973145
0.28602463006973267
0.3200748562812805
0.22759073972702026
0.3283730149269104
0.20709651708602905
0.3359125852584839
0.27871260046958923
0.25475645065307617
0.31381040811538696
0.3056332468986511
0.22736817598342896
0.29504358768463135
0.1398378610610962
0.26312169432640076
0.26549381017684937
0.2883603870868683
0.1772758960723877
0.2644612789154053
0.16040626168251038
0.3099622428417206
0.27046874165534973
0.2268703281879425
0.2993887662887573
0.15214575827121735
0.3525569438934326
0.09167124330997467
0.23823367059230804
0.1886821985244751
0.2693374454975128
0.2914091944694519
0.20044735074043274
0.253085196018219
0.1833065152168274
0.2383982241153717
0.2431468367576599
0.24839572608470917
0.2777736783027649
0.2165212482213974
0.29063087701797485
0.31052619218826294
0.43768996000289917
0.215584397315979
0.24316678941249847
0.28554677963256836
0.17468559741973877
0.19616763293743134
0.2397545874118805
0.289553701877594
0.2967342734336853
0.2547929286956787
0.2769070565700531
0.28514915704727173
0.27744412422180176
0.3155971169471741
0.25601011514663696
0.2585792541503906
0.27380871772766113
0.23279574513435364
0.23738494515419006
0.19552388787269592
0.24415814876556396
0.23431365191936493
0.18909424543380737
0.24907077848911285
0.2986869215965271
0.21864944696426392
0.34880977869033813
0.2215012013912201
0.27681034803390503
0.2822209894657135
0.3815115690231323
0.22984172403812408
0.34158164262771606
0.2544889450073242
0.2090308964252472
0.21043463051319122
0.3693827986717224
0.23450630903244019
0.3126634359359741
0.25837019085884094
0.30911609530448914
0.3420613408088684
0.3673691749572754
0.25020986795425415
0.20388107001781464
0.23791316151618958
0.34435802698135376
0.25077298283576965
0.208055317401886
0.3265462815761566
0.2779538631439209
0.29687848687171936
0.30447083711624146
0.20164334774017334
0.29488494992256165
0.2444305121898651
0.33692580461502075
0.309320330619812
0.40644264221191406
0.22555696964263916
0.24891775846481323
0.26659151911735535
0.29627907276153564
0.31674981117248535
0.23184143006801605
0.2599482536315918
0.20305973291397095
0.2548239231109619
0.28404146432876587
0.21786116063594818
0.3322901129722595
0.20440734922885895
0.3117219805717468
0.2635476589202881
0.2103097140789032
0.2929743230342865
0.24997717142105103
0.24274364113807678
0.34307217597961426
0.3540281057357788
0.30962270498275757
0.36328762769699097
0.25170862674713135
0.30284368991851807
0.24438318610191345
0.2869768738746643
0.19215252995491028
0.30628418922424316
0.31831008195877075
0.3144679069519043
0.27406075596809387
0.3156786561012268
0.25919482111930847
0.4021647572517395
0.29475754499435425
0.3269622027873993
0.2882475256919861
0.2096649408340454
0.2761704623699188
0.3689647316932678
0.2068588137626648
0.19005882740020752
0.116036057472229
0.35573846101760864
0.2158644050359726
0.26130205392837524
0.17962324619293213
0.22525948286056519
0.20111264288425446
0.22891446948051453
0.24355573952198029
0.24306368827819824
0.24670585989952087
0.28173279762268066
0.2697814702987671
0.28184810280799866
0.29941999912261963
0.22779014706611633
0.20995722711086273
0.20544278621673584
0.3100043535232544
0.3143647313117981
0.21778956055641174
0.301294207572937
0.24441824853420258
0.26394352316856384
0.20435583591461182
0.2666513919830322
0.2527775466442108
0.2905183434486389
0.19107389450073242
0.16957716643810272
0.22369146347045898
0.2187177538871765
0.22416377067565918
0.2532288134098053
0.2712312936782837
0.33640462160110474
0.33956611156463623
0.3456801772117615
0.26023226976394653
0.22862184047698975
0.23012810945510864
0.2809983193874359
0.2609584629535675
0.30632150173187256
0.2246372401714325
0.3726747930049896
0.235846608877182
0.21595749258995056
0.25593850016593933
0.2503822445869446
0.26499143242836
0.27800220251083374
0.2856261730194092
0.20924822986125946
0.2849500775337219
0.22784674167633057
0.2542118430137634
0.34804055094718933
0.32163435220718384
0.2715645432472229
0.23991526663303375
0.29981034994125366
0.32001233100891113
0.35048502683639526
0.23893673717975616
0.29506057500839233
0.3490314781665802
0.3151521682739258
0.20318277180194855
0.2442089319229126
0.26018375158309937
0.2142377346754074
0.22671343386173248
0.3057015538215637
0.21516485512256622
0.2500506639480591
0.2524764835834503
0.2656856179237366
0.30697858333587646
0.2348470240831375
0.36423903703689575
0.31525424122810364
0.2577659487724304
0.26888734102249146
0.2589263319969177
0.2906178832054138
0.32206761837005615
0.2796099781990051
0.34637612104415894
0.25434431433677673
0.25286808609962463
0.32834669947624207
0.23718109726905823
0.2582448720932007
0.25769564509391785
0.2361600399017334
0.3025427460670471
0.2174864411354065
0.22615504264831543
0.3361356854438782
0.34918129444122314
0.2202238142490387
0.22199565172195435
0.22969016432762146
0.22067596018314362
0.17883293330669403
0.321527361869812
0.3356208801269531
0.2965542674064636
0.2565508782863617
0.23238176107406616
0.254865825176239
0.31255239248275757
0.35277336835861206
0.3482632637023926
0.2746833562850952
0.246937096118927
0.38102346658706665
0.267071396112442
0.21384362876415253
0.31693166494369507
0.2831065058708191
0.20075827836990356
0.22098205983638763
0.2518121302127838
0.25178587436676025
0.2697562575340271
0.290612131357193
0.20460709929466248
0.2207821011543274
0.3018088638782501
0.32101118564605713
0.2927146553993225
0.2514328360557556
0.24387237429618835
0.2376813441514969
0.23245559632778168
0.2588984966278076
0.2014530897140503
0.3047279715538025
0.2372768521308899
0.28061366081237793
0.27514100074768066
0.2963574528694153
0.28925734758377075
0.2287222146987915
0.3010993003845215
0.23519480228424072
0.2816327214241028
0.146249458193779
0.33309096097946167
0.26683706045150757
0.3490264415740967
0.2865062355995178
0.2395145744085312
0.3503726124763489
0.2949010133743286
0.24111902713775635
0.17896021902561188
0.22673974931240082
0.18243271112442017
0.26966017484664917
0.29040345549583435
0.29459691047668457
0.25814583897590637
0.32992470264434814
0.3255700170993805
0.1945963054895401
0.22160914540290833
0.25691115856170654
0.19744811952114105
0.211874857544899
0.3934587240219116
0.31264322996139526
0.2709941565990448
0.24255695939064026
0.20964258909225464
0.24100930988788605
0.21995586156845093
0.3447136878967285
0.3065515160560608
0.2580995559692383
0.31469982862472534
0.23738887906074524
0.18799030780792236
0.258154958486557
0.42226940393447876
0.289896160364151
0.307517945766449
0.23557740449905396
0.34042835235595703
0.25693345069885254
0.30786871910095215
0.26656684279441833
0.31645840406417847
0.26900938153266907
0.30446773767471313
0.1914011389017105
0.3083711564540863
0.3766096830368042
0.21952572464942932
0.22857306897640228
0.2036028802394867
0.3473750054836273
0.28761613368988037
0.26754137873649597
0.31963208317756653
0.21262261271476746
0.31773990392684937
0.2838211953639984
0.2570631504058838
0.24840807914733887
0.23415708541870117
0.17850857973098755
0.24826878309249878
0.20955142378807068
0.2959131598472595
0.21336957812309265
0.2501072883605957
0.32783275842666626
0.23350974917411804
0.21483056247234344
0.19999778270721436
0.4359860420227051
0.3324921131134033
0.2500549256801605
0.25195813179016113
0.29757237434387207
0.3107152581214905
0.20710784196853638
0.23622044920921326
0.2586081326007843
0.28199565410614014
0.21736834943294525
0.22813160717487335
0.21338215470314026
0.24897556006908417
0.25537851452827454
0.2143898606300354
0.24340909719467163
0.21818988025188446
0.25987741351127625
0.22702664136886597
0.15636637806892395
0.2625768184661865
0.34369900822639465
0.30252203345298767
0.27614614367485046
0.2558651566505432
0.27466410398483276
0.3314480185508728
0.20543719828128815
0.29970312118530273
0.2931267321109772
0.2563646137714386
0.28923511505126953
0.23127779364585876
0.24649956822395325
0.3069530129432678
0.3021043539047241
0.2188287377357483
0.34686094522476196
0.25833845138549805
0.18753454089164734
0.22796641290187836
0.3049337863922119
0.20932620763778687
0.3595660328865051
0.2455911636352539
0.26353323459625244
0.3084975481033325
0.23911085724830627
0.3145471215248108
0.2363891303539276
0.20794677734375
0.29803401231765747
0.2226511836051941
0.20146599411964417
0.31422731280326843
0.22060130536556244
0.24676406383514404
0.2955268323421478
0.23189905285835266
0.27326899766921997
0.3369380831718445
0.2796175181865692
0.32518959045410156
0.31978440284729004
0.29170700907707214
0.25651314854621887
0.22055961191654205
0.268620103597641
0.23443283140659332
0.3526330590248108
0.26212871074676514
0.23831455409526825
0.25368666648864746
0.21725648641586304
0.3218887448310852
0.421475887298584
0.22955282032489777
0.3878285884857178
0.43688684701919556
0.27771347761154175
0.18500348925590515
0.3953496813774109
0.42732828855514526
0.26554739475250244
0.2641887366771698
0.2607174813747406
0.3117409348487854
0.3097841441631317
0.3012230396270752
0.27485305070877075
0.2877565026283264
0.29720574617385864
0.27553343772888184
0.24818719923496246
0.2700461149215698
0.21796058118343353
0.2622165083885193
0.28129369020462036
0.24099178612232208
0.32469040155410767
0.17864462733268738
0.33966130018234253
0.1961994618177414
0.24528071284294128
0.21769587695598602
0.2912587821483612
0.2401944398880005
0.33537158370018005
0.19963037967681885
0.21450558304786682
0.3817371726036072
0.3620712161064148
0.23557022213935852
0.23369601368904114
0.3260774612426758
0.23932473361492157
0.2447798103094101
0.21005795896053314
0.3681880533695221
0.2218325436115265
0.2824283242225647
0.2700422406196594
0.3307774066925049
0.23832832276821136
0.3504883646965027
0.31108811497688293
0.1406160593032837
0.2717529535293579
0.3083598017692566
0.28974449634552
0.2853103280067444
0.25840848684310913
0.28470659255981445
0.3581606149673462
0.27693650126457214
0.31623613834381104
0.3011625409126282
0.29856735467910767
0.3254436254501343
0.1942412555217743
0.23890677094459534
0.22682711482048035
0.24289903044700623
0.20477762818336487
0.20900684595108032
0.19733333587646484
0.2632535994052887
0.25286251306533813
0.24715474247932434
0.2855791449546814
0.2459142804145813
0.23604032397270203
0.31936389207839966
0.2251603901386261
0.4267241358757019
0.24845926463603973
0.25126105546951294
0.18401119112968445
0.2886195182800293
0.2544296383857727
0.27636101841926575
0.22283664345741272
0.3226325511932373
0.19501879811286926
0.3615354895591736
0.22448453307151794
0.23459303379058838
0.2905692458152771
0.26977282762527466
0.2129250466823578
0.29723066091537476
0.4000381827354431
0.3047063946723938
0.22306811809539795
0.1927434504032135
0.2600659430027008
0.36006075143814087
0.291925847530365
0.25760185718536377
0.2581140995025635
0.367045521736145
0.46296536922454834
0.29506975412368774
0.21799299120903015
0.33171117305755615
0.23026245832443237
0.22063373029232025
0.30497169494628906
0.23229572176933289
0.28337395191192627
0.2243890017271042
0.17288945615291595
0.304629385471344
0.25476688146591187
0.322274386882782
0.22767424583435059
0.2110850214958191
0.23946747183799744
0.22747601568698883
0.3078794479370117
0.3117446303367615
0.337893009185791
0.19518594443798065
0.31578266620635986
0.25328540802001953
0.29544320702552795
0.26780226826667786
0.2942922115325928
0.1854756772518158
0.4522365927696228
0.23526354134082794
0.2327847182750702
0.31821417808532715
0.3396254777908325
0.2040151059627533
0.2385808527469635
0.31741440296173096
0.2915074825286865
0.22471357882022858
0.23790428042411804
0.2285570502281189
0.40910565853118896
0.22658179700374603
0.2668007016181946
0.24668630957603455
0.21866253018379211
0.2187250852584839
0.26139676570892334
0.2708173990249634
0.17282289266586304
0.2364722192287445
0.3461955189704895
0.2078717052936554
0.23833978176116943
0.22623872756958008
0.31570500135421753
0.20287299156188965
0.24851109087467194
0.25012636184692383
0.25095564126968384
0.2676219940185547
0.2035187929868698
0.32411837577819824
0.3368580937385559
0.25844764709472656
0.3217528462409973
0.27203038334846497
0.257763534784317
0.28879213333129883
0.22626973688602448
0.31838154792785645
0.22675786912441254
0.2563534379005432
0.307754248380661
0.2539202570915222
0.31909745931625366
0.2199099361896515
0.19695158302783966
0.22867542505264282
0.267422616481781
0.2583185136318207
0.2294871211051941
0.269020140171051
0.24436508119106293
0.27364298701286316
0.3458857536315918
0.3068937063217163
0.17998453974723816
0.2119029313325882
0.31450188159942627
0.22842295467853546
0.28561460971832275
0.15866351127624512
0.31465262174606323
0.26573610305786133
0.2633100748062134
0.2641667127609253
0.26454344391822815
0.221281498670578
0.2961972951889038
0.2908490300178528
0.22566238045692444
0.19948607683181763
0.2982468008995056
0.30951470136642456
0.1965407133102417
0.3019896447658539
0.29092133045196533
0.2927316427230835
0.3015563488006592
0.24557173252105713
0.41972023248672485
0.42075973749160767
0.23554401099681854
0.3046945333480835
0.2572057247161865
0.2629011273384094
0.3164371848106384
0.2576509416103363
0.2322085052728653
0.34033918380737305
0.2687280476093292
0.2764686942100525
0.32901257276535034
0.23106703162193298
0.3624063730239868
0.31470274925231934
0.24007835984230042
0.2474806308746338
0.08922630548477173
0.28501206636428833
0.20123431086540222
0.401752233505249
0.2390795648097992
0.323047399520874
0.2619415819644928
0.23363080620765686
0.2358139157295227
0.2623196244239807
0.20569053292274475
0.26028668880462646
0.2971125543117523
0.15794512629508972
0.2097599357366562
0.23896418511867523
0.19734443724155426
0.30421125888824463
0.25186342000961304
0.24121063947677612
0.2892034649848938
0.2201758325099945
0.20796062052249908
0.26715853810310364
0.27650946378707886
0.18932463228702545
0.2504483759403229
0.22883212566375732
0.26819726824760437
0.2659786343574524
0.33461302518844604
0.32620003819465637
0.33621945977211
0.2344915270805359
0.2711523473262787
0.22982968389987946
0.2663670778274536
0.1310715526342392
0.3233221769332886
0.23407675325870514
0.2807002067565918
0.27284669876098633
0.2635568082332611
0.37543487548828125
0.22244969010353088
0.35405653715133667
0.25125524401664734
0.26644355058670044
0.2251439392566681
0.3165079355239868
0.3108203411102295
0.28238755464553833
0.28579503297805786
0.38495349884033203
0.2703869938850403
0.2864531874656677
0.2389867603778839
0.30552634596824646
0.2753725051879883
0.20785406231880188
0.27810561656951904
0.2783913016319275
0.2379036843776703
0.26690927147865295
0.2102908492088318
0.22923964262008667
0.20886284112930298
0.2615377604961395
0.2693801820278168
0.28825896978378296
0.11237629503011703
0.25399118661880493
0.19806262850761414
0.3324850797653198
0.28924381732940674
0.19429424405097961
0.2688881754875183
0.2304854393005371
0.20688405632972717
0.2818583846092224
0.21644799411296844
0.2881014049053192
0.15029075741767883
0.29758378863334656
0.27360138297080994
0.20064234733581543
0.3633493185043335
0.23389193415641785
0.2389153391122818
0.2790471315383911
0.27554771304130554
0.23787736892700195
0.2822851240634918
0.30126479268074036
0.28923454880714417
0.17150655388832092
0.246900737285614
0.3002001941204071
0.2972676157951355
0.2687145471572876
0.23444536328315735
0.2781803011894226
0.26271548867225647
0.2835906147956848
0.21908444166183472
0.28979188203811646
0.2912324070930481
0.18166086077690125
0.30678409337997437
0.25956857204437256
0.3177245557308197
0.17929047346115112
0.12923340499401093
0.28026282787323
0.24043124914169312
0.2334277182817459
0.3290191888809204
0.193864643573761
0.2943875789642334
0.24724093079566956
0.3144209682941437
0.29875361919403076
0.24479250609874725
0.2550239861011505
0.33733490109443665
0.3084574341773987
0.2026609480381012
0.24085071682929993
0.2672345042228699
0.24900980293750763
0.25927823781967163
0.18667832016944885
0.25894075632095337
0.3155916929244995
0.2909407615661621
0.23324601352214813
0.2369234561920166
0.2625551223754883
0.23776717483997345
0.2373400628566742
0.25450435280799866
0.3375716209411621
0.21009662747383118
0.36749744415283203
0.17473676800727844
0.3407040238380432
0.21952708065509796
0.24480018019676208
0.260277658700943
0.275555282831192
0.2708195447921753
0.2743282914161682
0.24948439002037048
0.27349770069122314
0.20447103679180145
0.26540738344192505
0.38987335562705994
0.23329594731330872
0.30569589138031006
0.334336519241333
0.30164629220962524
0.39364731311798096
0.34202051162719727
0.3224905729293823
0.17746636271476746
0.29989883303642273
0.1566445678472519
0.18084406852722168
0.2819519639015198
0.20361186563968658
0.24973070621490479
0.27417343854904175
0.0865248516201973
0.22320905327796936
0.3362126648426056
0.2766886353492737
0.22345070540905
0.23212966322898865
0.3978184759616852
0.24782633781433105
0.2790340781211853
0.30700594186782837
0.24887840449810028
0.30317747592926025
0.21463453769683838
0.29941022396087646
0.3678281903266907
0.285164475440979
0.3240950405597687
0.21743901073932648
0.31437021493911743
0.27046892046928406
0.2778598368167877
0.292691171169281
0.29868215322494507
0.34997284412384033
0.286332905292511
0.2791317105293274
0.26584184169769287
0.2585183084011078
0.20969229936599731
0.277985155582428
0.33868640661239624
0.20175352692604065
0.27589982748031616
0.2865775525569916
0.28299480676651
0.325198769569397
0.3232293725013733
0.2224160134792328
0.24470452964305878
0.2573983669281006
0.3323115110397339
0.2461671084165573
0.28300046920776367
0.3979411721229553
0.24715079367160797
0.24324579536914825
0.315560519695282
0.23287194967269897
0.2578839063644409
0.2419988214969635
0.30121874809265137
0.32408952713012695
0.23495887219905853
0.1334037035703659
0.2598344683647156
0.24038466811180115
0.2870500683784485
0.22658436000347137
0.28766393661499023
0.19086289405822754
0.1881369650363922
0.2682599425315857
0.24896058440208435
0.3065997362136841
0.3617188334465027
0.25381386280059814
0.4336690902709961
0.19334255158901215
0.2958235442638397
0.29580867290496826
0.2716582715511322
0.3293229341506958
0.26798397302627563
0.1954033076763153
0.29630395770072937
0.24682407081127167
0.3331812620162964
0.42886245250701904
0.2872142195701599
0.2720613479614258
0.2509227395057678
0.24761368334293365
0.2497328519821167
0.2942054867744446
0.35380667448043823
0.33346593379974365
0.26334965229034424
0.24557214975357056
0.29224300384521484
0.29485994577407837
0.3253156542778015
0.2767915725708008
0.23525762557983398
0.1912432610988617
0.3211955428123474
0.29546546936035156
0.37106063961982727
0.25414353609085083
0.26810163259506226
0.2955319285392761
0.1629715859889984
0.37006425857543945
0.33069539070129395
0.25638023018836975
0.27571648359298706
0.30640631914138794
0.2683129906654358
0.1962292641401291
0.21405917406082153
0.2164829969406128
0.2604680061340332
0.2414529025554657
0.3205276131629944
0.2437339723110199
0.2547246217727661
0.22283974289894104
0.27280598878860474
0.2329857349395752
0.290057897567749
0.2825586795806885
0.23526929318904877
0.17755667865276337
0.25386786460876465
0.25983932614326477
0.24327352643013
0.27509498596191406
0.2637539505958557
0.3555794358253479
0.31406480073928833
0.23688554763793945
0.28192630410194397
0.16777074337005615
0.2624618411064148
0.2463998794555664
0.25857970118522644
0.2544805407524109
0.3317461609840393
0.35234391689300537
0.2552691698074341
0.22663113474845886
0.31842362880706787
0.3313146233558655
0.2642311155796051
0.21418732404708862
0.25329336524009705
0.3673884868621826
0.30177783966064453
0.3310140371322632
0.23023545742034912
0.22034227848052979
0.30349200963974
0.2747727036476135
0.26406794786453247
0.196626678109169
0.2677892744541168
0.2802128791809082
0.23446613550186157
0.29855629801750183
0.28275078535079956
0.24998760223388672
0.27930083870887756
0.20291607081890106
0.3002350330352783
0.23717305064201355
0.23551905155181885
0.26709145307540894
0.20762240886688232
0.3609471321105957
0.29947131872177124
0.30985209345817566
0.23168206214904785
0.2632448673248291
0.02782774716615677
0.23930364847183228
0.16094040870666504
0.28901350498199463
0.33849242329597473
0.45103973150253296
0.3396339416503906
0.25547340512275696
0.2747236490249634
0.13654354214668274
0.2996511459350586
0.22215422987937927
0.31033581495285034
0.2815955877304077
0.2959517240524292
0.19353066384792328
0.2949109673500061
0.28121674060821533
0.27804577350616455
0.2193879783153534
0.36666470766067505
0.3035874366760254
0.2277500331401825
0.2931702733039856
0.28410226106643677
0.28698644042015076
0.27156683802604675
0.23410385847091675
0.16655096411705017
0.22669145464897156
0.29403793811798096
0.27046266198158264
0.2284785658121109
0.2716484069824219
0.25621846318244934
0.25158244371414185
0.34714046120643616
0.23759056627750397
0.2262982279062271
0.21368367969989777
0.20916859805583954
0.2541303038597107
0.29593950510025024
0.21585713326931
0.32085829973220825
0.20049285888671875
0.18380513787269592
0.2725105285644531
0.28000032901763916
0.2854638695716858
0.2881386876106262
0.19121131300926208
0.30125391483306885
0.32162949442863464
0.3878466486930847
0.24304208159446716
0.2685612142086029
0.22235162556171417
0.42453962564468384
0.1864875704050064
0.2316964864730835
0.24929271638393402
0.23834475874900818
0.2266749143600464
0.3130628764629364
0.2812889814376831
0.18116925656795502
0.308037132024765
0.23031316697597504
0.26109033823013306
0.2930757999420166
0.5999338626861572
0.20684069395065308
0.2590322494506836
0.20973390340805054
0.2073373794555664
0.27204811573028564
0.19617938995361328
0.23059014976024628
0.24486568570137024
0.2847605347633362
0.2630244791507721
0.21963420510292053
0.2652566432952881
0.2603219151496887
0.3636810779571533
0.2135046422481537
0.18869751691818237
0.30050909519195557
0.2708030343055725
0.2184056043624878
0.2590848207473755
0.23457026481628418
0.3216940760612488
0.23484894633293152
0.35451793670654297
0.2823205590248108
0.2811409831047058
0.19579118490219116
0.30926164984703064
0.3203755021095276
0.20670664310455322
0.30812549591064453
0.36772793531417847
0.2288137525320053
0.2949947118759155
0.29599809646606445
0.21780729293823242
0.3593613803386688
0.2724526524543762
0.2430029660463333
0.16938677430152893
0.3029632866382599
0.172407865524292
0.34132176637649536
0.12174556404352188
0.2391006350517273
0.28201431035995483
0.24022915959358215
0.24527527391910553
0.30181074142456055
0.3153487741947174
0.2180083990097046
0.2497652769088745
0.27555596828460693
0.2534295916557312
0.3245598077774048
0.28638556599617004
0.325950562953949
0.24149450659751892
0.41036468744277954
0.18519344925880432
0.23117557168006897
0.20987871289253235
0.22670385241508484
0.26260343194007874
0.2381560206413269
0.2292480170726776
0.311881422996521
0.17602452635765076
0.3443624973297119
0.22940683364868164
0.2939901351928711
0.29274606704711914
0.20644864439964294
0.2891559600830078
0.26659998297691345
0.19052571058273315
0.20679867267608643
0.21567100286483765
0.19123610854148865
0.24610623717308044
0.22526639699935913
0.12847524881362915
0.25364482402801514
0.21242597699165344
0.1647043526172638
0.30703556537628174
0.2626006305217743
0.30023592710494995
0.27357882261276245
0.27330178022384644
0.25981205701828003
0.1920558512210846
0.25292325019836426
0.36309874057769775
0.21885016560554504
0.18901962041854858
0.2716439664363861
0.18782958388328552
0.33658331632614136
0.27010008692741394
0.2699757218360901
0.2501351237297058
0.28307801485061646
0.2967999279499054
0.2716825008392334
0.2719436287879944
0.3576699495315552
0.34107860922813416
0.30010443925857544
0.2179843634366989
0.4301254153251648
0.16586419939994812
0.32753461599349976
0.3475894629955292
0.31393980979919434
0.2788476347923279
0.27621591091156006
0.20892460644245148
0.30065882205963135
0.2714010775089264
0.20987656712532043
0.2751956582069397
0.2781439423561096
0.2886478304862976
0.26128965616226196
0.28279876708984375
0.26485785841941833
0.22267480194568634
0.25700703263282776
0.26578420400619507
0.32705754041671753
0.31527674198150635
0.2583465576171875
0.24335461854934692
0.2571592330932617
0.2645477056503296
0.22482432425022125
0.2828183174133301
0.23134759068489075
0.27366989850997925
0.2852588891983032
0.3628999590873718
0.19169028103351593
0.24288275837898254
0.22564542293548584
0.2283397912979126
0.24087947607040405
0.30228137969970703
0.2399848997592926
0.3047415018081665
0.264723539352417
0.2128407061100006
0.29523688554763794
0.28907930850982666
0.2295011281967163
0.26453620195388794
0.3537936210632324
0.27121755480766296
0.3351748287677765
0.24934761226177216
0.25784844160079956
0.4231959581375122
0.30322495102882385
0.2491084337234497
0.32556653022766113
0.2634388208389282
0.27367889881134033
0.3376443088054657
0.2984434962272644
0.318978488445282
0.2557853162288666
0.26921454071998596
0.2391451895236969
0.292385995388031
0.35787904262542725
0.189081609249115
0.3260918855667114
0.36127543449401855
0.39103323221206665
0.21101175248622894
0.2269056737422943
0.25456005334854126
0.2923242449760437
0.21882079541683197
0.2919487953186035
0.24572740495204926
0.19769912958145142
0.16460877656936646
0.20365804433822632
0.27398955821990967
0.23492693901062012
0.2566734552383423
0.27129775285720825
0.21255888044834137
0.23417511582374573
0.21611309051513672
0.24395686388015747
0.2684336304664612
0.31876057386398315
0.28282666206359863
0.25756531953811646
0.25900715589523315
0.2626435160636902
0.21295012533664703
0.2530786693096161
0.2541787624359131
0.26097193360328674
0.21173465251922607
0.23887011408805847
0.31250321865081787
0.19008317589759827
0.2991621494293213
0.2951977849006653
0.24888405203819275
0.17403307557106018
0.3090006709098816
0.28480958938598633
0.28543809056282043
0.20800068974494934
0.27702096104621887
0.3164358139038086
0.2562224268913269
0.15110230445861816
0.3217757046222687
0.2544214129447937
0.31605643033981323
0.3464605510234833
0.28850269317626953
0.22472523152828217
0.30359548330307007
0.30659744143486023
0.2721821665763855
0.19912934303283691
0.25118741393089294
0.3051007091999054
0.1973673701286316
0.27063870429992676
0.33339324593544006
0.23191629350185394
0.283975750207901
0.19891726970672607
0.27747097611427307
0.36116713285446167
0.3177838921546936
0.26534733176231384
0.3036198616027832
0.38331034779548645
0.23800602555274963
0.1980726718902588
0.23435208201408386
0.2515658736228943
0.2788286805152893
0.29347795248031616
0.32206761837005615
0.37670865654945374
0.1716788113117218
0.2543773651123047
0.25833234190940857
0.3081955313682556
0.24816367030143738
0.23812134563922882
0.29908105731010437
0.31142669916152954
0.2435741275548935
0.1635022759437561
0.2308468222618103
0.23597027361392975
0.24030143022537231
0.2342868149280548
0.3520277142524719
0.27150875329971313
0.1298113465309143
0.28695785999298096
0.1956767737865448
0.30067217350006104
0.28587910532951355
0.1782619059085846
0.2000119388103485
0.22948434948921204
0.3602476119995117
0.2251601219177246
0.18247409164905548
0.28557562828063965
0.31341713666915894
0.25963181257247925
0.22716742753982544
0.2985759377479553
0.21432270109653473
0.16635790467262268
0.27261194586753845
0.23353484272956848
0.21725842356681824
0.16777682304382324
0.21951931715011597
0.2834671139717102
0.2778104543685913
0.3431316912174225
0.27712082862854004
0.18777991831302643
0.21777917444705963
0.249026358127594
0.1816975176334381
0.36354291439056396
0.19731757044792175
0.21813474595546722
0.2799495756626129
0.2428576797246933
0.3414551019668579
0.23364724218845367
0.14769569039344788
0.26278984546661377
0.27093982696533203
0.13627223670482635
0.255232572555542
0.2311398833990097
0.24146613478660583
0.2920100688934326
0.4164818525314331
0.32666778564453125
0.32916390895843506
0.23962028324604034
0.3297632336616516
0.2903771996498108
0.2443632334470749
0.32929396629333496
0.2490951120853424
0.26634660363197327
0.23566016554832458
0.20038573443889618
0.3055422902107239
0.24633082747459412
0.33514994382858276
0.2901574373245239
0.40442025661468506
0.25774866342544556
0.20329761505126953
0.24326913058757782
0.37467139959335327
0.22506308555603027
0.26948410272598267
0.3016684651374817
0.22242262959480286
0.3381146192550659
0.2739681005477905
0.30359500646591187
0.34808963537216187
0.290191113948822
0.25064486265182495
0.23238542675971985
0.23612648248672485
0.3125584125518799
0.2990869879722595
0.2291572540998459
0.2759689688682556
0.3162100911140442
0.15764909982681274
0.2573583722114563
0.3330063819885254
0.25707685947418213
0.271103173494339
0.27643561363220215
0.23381635546684265
0.20824256539344788
0.378090500831604
0.17242440581321716
0.2940572202205658
0.28193533420562744
0.26061105728149414
0.2385014444589615
0.24771016836166382
0.2579638957977295
0.26070836186408997
0.3212263584136963
0.244430273771286
0.29190298914909363
0.3085063695907593
0.3630636930465698
0.2579900622367859
0.3439999222755432
0.3113996684551239
0.3086381256580353
0.19242767989635468
0.25709378719329834
0.24959321320056915
0.33019566535949707
0.3092881143093109
0.1782412827014923
0.22157947719097137
0.2602993845939636
0.23924310505390167
0.2221677005290985
0.1716288924217224
0.3428901433944702
0.21618443727493286
0.20548370480537415
0.490669846534729
0.3538303077220917
0.2342846393585205
0.24734316766262054
0.29260969161987305
0.24212218821048737
0.24254003167152405
