0.45424479246139526
0.26903682947158813
0.5225706100463867
0.28268367052078247
0.5344687700271606
0.4658434987068176
0.1358540654182434
0.3214603364467621
0.3500455617904663
0.34776055812835693
0.23812250792980194
0.2745351493358612
0.3303675651550293
0.21308594942092896
0.38273319602012634
0.33312851190567017
0.30530864000320435
0.16840581595897675
0.24721351265907288
0.40353143215179443
0.49027901887893677
0.309539794921875
0.43062257766723633
0.43282121419906616
0.22366401553153992
0.2575759291648865
0.431331992149353
0.26961612701416016
0.3544664978981018
0.2115054577589035
0.27486053109169006
0.2176455855369568
0.26185867190361023
0.3262152075767517
0.3101602792739868
0.3777332305908203
0.2991119623184204
0.31371527910232544
0.26145005226135254
0.38826891779899597
0.4159007668495178
0.241628497838974
0.37889528274536133
0.26300740242004395
0.3518877625465393
0.3014090657234192
0.4656970500946045
0.352997362613678
0.4600398540496826
0.11890104413032532
0.367798388004303
0.6299933195114136
0.3527570366859436
0.45091021060943604
0.303908109664917
0.24857226014137268
0.39855045080184937
0.3210822343826294
0.3455517292022705
0.399112343788147
0.3550986647605896
0.227140411734581
0.4341040253639221
0.4953610301017761
0.295931339263916
0.3936161994934082
0.315310001373291
0.4142364263534546
0.2004033625125885
0.2830181121826172
0.2597605288028717
0.14768385887145996
0.2387666255235672
0.34800904989242554
0.2830435335636139
0.3068011999130249
0.3165966272354126
0.2969703674316406
0.38367676734924316
0.2773948013782501
0.2642826437950134
0.23948019742965698
0.3167040944099426
0.42846763134002686
0.38527584075927734
0.4719904661178589
0.3837335705757141
0.2642323076725006
0.36420267820358276
0.38526859879493713
0.3527107536792755
0.4999668002128601
0.3110785484313965
0.4400397539138794
0.36583298444747925
0.3761860132217407
0.442807674407959
0.43377387523651123
0.29548370838165283
0.2728995680809021
0.23241673409938812
0.45419007539749146
0.283388614654541
0.4551674723625183
0.24144625663757324
0.14779512584209442
0.2651475667953491
0.3767598271369934
0.41763508319854736
0.35498881340026855
0.2903667390346527
0.2638733983039856
0.39984047412872314
0.23417028784751892
0.1625577211380005
0.33476364612579346
0.3172415494918823
0.20165398716926575
0.30294114351272583
0.33475470542907715
0.16768595576286316
0.4546317458152771
0.2212759256362915
0.32258933782577515
0.6683202385902405
0.3508363366127014
0.36023640632629395
0.23321612179279327
0.4562568664550781
0.2664146423339844
0.1936461478471756
0.33463114500045776
0.29496079683303833
0.4672527313232422
0.3224460184574127
0.4382387399673462
0.34841567277908325
0.25244563817977905
0.23678573966026306
0.402932345867157
0.3163191080093384
0.664878249168396
0.1428525447845459
0.338684618473053
0.30922091007232666
0.3045114278793335
0.24603775143623352
0.25712376832962036
0.40180397033691406
0.23433063924312592
0.38500452041625977
0.3608984053134918
0.23675820231437683
0.2912866473197937
0.36304885149002075
0.45025092363357544
0.3500111997127533
0.18239757418632507
0.6446493864059448
0.10539299994707108
0.21677087247371674
0.20203498005867004
0.2888227701187134
0.3163495659828186
0.2375316321849823
0.2574741244316101
0.3440263867378235
0.44029945135116577
0.3399619460105896
0.36662840843200684
0.37158292531967163
0.30989813804626465
0.39420729875564575
0.31800663471221924
0.266655832529068
0.2867357134819031
0.23534013330936432
0.38072532415390015
0.38668161630630493
0.2069641351699829
0.5121745467185974
0.23277918994426727
0.14404165744781494
0.3502633571624756
0.2945356070995331
0.2696819305419922
0.510691225528717
0.2720392346382141
0.2684010863304138
0.34284013509750366
0.39381295442581177
0.3499891757965088
0.2867313623428345
0.24770882725715637
0.35892581939697266
0.39672812819480896
0.3372578024864197
0.5250259637832642
0.3488658666610718
0.276570588350296
0.35281646251678467
0.43910694122314453
0.278317928314209
0.3273715078830719
0.4297632575035095
0.2281566709280014
0.2995046377182007
0.4031439423561096
0.25041964650154114
0.4703153967857361
0.17432448267936707
0.24693620204925537
0.23105961084365845
0.22540819644927979
0.3071948289871216
0.34719038009643555
0.4665755033493042
0.2488253116607666
0.2986173629760742
0.3761049807071686
0.23603704571723938
0.29231753945350647
0.2156631201505661
0.38167113065719604
0.48058730363845825
0.3345942795276642
0.2947808802127838
0.30615729093551636
0.39511367678642273
0.34520775079727173
0.3438156247138977
0.31441617012023926
0.17383161187171936
0.21564918756484985
0.3854652941226959
0.18885153532028198
0.40287333726882935
0.24300596117973328
0.46535325050354004
0.4509086012840271
0.1558617800474167
0.32015806436538696
0.27061745524406433
0.3327258229255676
0.1863221824169159
0.2990766167640686
0.35898563265800476
0.28450292348861694
0.4534391164779663
0.28750157356262207
0.35837215185165405
0.6635226011276245
0.3573005199432373
0.17827416956424713
0.35402554273605347
0.3061555325984955
0.33732151985168457
0.1722436249256134
0.38608282804489136
0.41049790382385254
0.22329749166965485
0.2889430522918701
0.24117621779441833
0.3290169835090637
0.2951146364212036
0.45944714546203613
0.49867773056030273
0.43027615547180176
0.22310423851013184
0.3201714754104614
0.34991830587387085
0.242409348487854
0.40035635232925415
0.13600464165210724
0.3692020773887634
0.3480398654937744
0.24617205560207367
0.3332781493663788
0.18927623331546783
0.530197262763977
0.17947295308113098
0.10744777321815491
0.22172629833221436
0.29487287998199463
0.2874787747859955
0.42425256967544556
0.2733522653579712
0.3748078942298889
0.3891257643699646
0.3625575304031372
0.43644607067108154
0.33052337169647217
0.31454411149024963
0.237232506275177
0.3124980032444
0.23363839089870453
0.22713947296142578
0.4454103708267212
0.2421267032623291
0.21233592927455902
0.16262401640415192
0.36463767290115356
0.46670639514923096
0.22748127579689026
0.3459460735321045
0.3943273425102234
0.3299315273761749
0.4106965661048889
0.3373587131500244
0.5663771629333496
0.3179003596305847
0.2775220274925232
0.22049351036548615
0.3193933367729187
0.3815896511077881
0.32598763704299927
0.40918296575546265
0.20026318728923798
0.3168560862541199
0.351001113653183
0.27198296785354614
0.2848263382911682
0.19744789600372314
0.46975409984588623
0.25390443205833435
0.30257365107536316
0.6193212866783142
0.23316070437431335
0.23584645986557007
0.2922062873840332
0.38368159532546997
0.33596479892730713
0.3473967909812927
0.4016897678375244
0.4246861934661865
0.44002020359039307
0.4382683038711548
0.150721937417984
0.41866397857666016
0.2462059110403061
0.28869539499282837
0.23111620545387268
0.25683003664016724
0.35709959268569946
0.3565394878387451
0.3421379327774048
0.29703399538993835
0.19814690947532654
0.3456845283508301
0.27083879709243774
0.36198723316192627
0.3051236867904663
0.31023919582366943
0.34156346321105957
0.34210407733917236
0.29335182905197144
0.3177703022956848
0.34147879481315613
0.2699267268180847
0.3786548972129822
0.20705480873584747
0.4067873954772949
0.4699980616569519
0.4781895875930786
0.3949701189994812
0.2098972499370575
0.28170931339263916
0.2824118137359619
0.4217933416366577
0.41028809547424316
0.3034065365791321
0.3326885402202606
0.32052290439605713
0.21760322153568268
0.3775453567504883
0.2563270926475525
0.3716735541820526
0.3437855541706085
0.08188622444868088
0.21736553311347961
0.37993645668029785
0.34714508056640625
0.4709269404411316
0.40142905712127686
0.36285632848739624
0.3008807897567749
0.28699594736099243
0.3040461540222168
0.3173174560070038
0.4258241057395935
0.2904386818408966
0.2561183273792267
0.26881110668182373
0.37204688787460327
0.36977753043174744
0.3895098567008972
0.2818850874900818
0.20868681371212006
0.34156107902526855
0.34126079082489014
0.3609795570373535
0.5008608102798462
0.3695196509361267
0.30019134283065796
0.35812628269195557
0.5687105059623718
0.7852815985679626
0.41515058279037476
0.37799757719039917
0.2955242991447449
0.33688661456108093
0.5395216345787048
0.34692370891571045
0.325436532497406
0.29518574476242065
0.35652637481689453
0.3637927174568176
0.35491156578063965
0.3118932843208313
0.3106205463409424
0.28312045335769653
0.10226800292730331
0.4490295648574829
0.3222384452819824
0.38243740797042847
0.4917808771133423
0.3539631962776184
0.18873964250087738
0.21778541803359985
0.28287914395332336
0.33116912841796875
0.5372498035430908
0.27387577295303345
0.25089120864868164
0.23713235557079315
0.22167128324508667
0.38461989164352417
0.22704997658729553
0.3343672752380371
0.28832292556762695
0.20663800835609436
0.33288002014160156
0.2654152810573578
0.24813616275787354
0.3070107102394104
0.24110010266304016
0.36390119791030884
0.31926244497299194
0.3481382727622986
0.10948508232831955
0.47454607486724854
0.3859797716140747
0.3968493938446045
0.2028268575668335
0.34769976139068604
0.34592318534851074
0.34029966592788696
0.27475762367248535
0.25879061222076416
0.38682782649993896
0.45980149507522583
0.2558136284351349
0.7279454469680786
0.23042947053909302
0.27513086795806885
0.4291868805885315
0.26013320684432983
0.3549359440803528
0.39991188049316406
0.4304100275039673
0.25767359137535095
0.29017505049705505
0.2803446650505066
0.3562668263912201
0.4325425624847412
0.28089481592178345
0.29863572120666504
0.565113365650177
0.2306852638721466
0.2032271921634674
0.21515825390815735
0.27582287788391113
0.3521273136138916
0.2678845524787903
0.3189751207828522
0.4749021530151367
0.31160950660705566
0.3520304560661316
0.43045860528945923
0.29838696122169495
0.27238529920578003
0.4365549087524414
0.440355122089386
0.47876065969467163
0.3856750726699829
0.24108511209487915
0.4457252621650696
0.4492887258529663
0.35673844814300537
0.3860030174255371
0.45088332891464233
0.31174033880233765
0.3237888514995575
0.4187038540840149
0.3584445118904114
0.25670188665390015
0.2991676330566406
0.5046581029891968
0.33037543296813965
0.35547754168510437
0.21889865398406982
0.4322209358215332
0.2507564425468445
0.3168991804122925
0.3515075147151947
0.37760376930236816
0.23145559430122375
0.2606218457221985
0.2802355885505676
0.3602549433708191
0.41842901706695557
0.28503111004829407
0.2899205684661865
0.19013196229934692
0.25876131653785706
0.457374632358551
0.17448411881923676
0.4490107297897339
0.39909613132476807
0.29424387216567993
0.2087850570678711
0.391442209482193
0.17901621758937836
0.38186949491500854
0.4763205051422119
0.30113571882247925
0.4256904125213623
0.4836949110031128
0.7110733389854431
0.3481139540672302
0.23783281445503235
0.2883226275444031
0.2289445549249649
0.39983701705932617
0.23718689382076263
0.2587243914604187
0.30006104707717896
0.3871917128562927
0.3308389186859131
0.38408362865448
0.2899377942085266
0.303463876247406
0.38802215456962585
0.358184814453125
0.36062026023864746
0.3291911482810974
0.2913862466812134
0.2946016788482666
0.21883873641490936
0.45731204748153687
0.3733142018318176
0.3817088007926941
0.3510087728500366
0.207700714468956
0.42813652753829956
0.23969298601150513
0.503393828868866
0.2751026749610901
0.22897087037563324
0.42851436138153076
0.326650470495224
0.3583901524543762
0.40248310565948486
0.3747323155403137
0.3322080671787262
0.35890519618988037
0.26976919174194336
0.31228214502334595
0.2856907248497009
0.28858673572540283
0.24578164517879486
0.4842231273651123
0.23209066689014435
0.3842814564704895
0.24800989031791687
0.22048184275627136
0.19851286709308624
0.20199836790561676
0.2436697781085968
0.29982632398605347
0.31322818994522095
0.23108115792274475
0.2550366520881653
0.5045581459999084
0.3395977318286896
0.2744120955467224
0.4813620448112488
0.4911707043647766
0.596651554107666
0.41561293601989746
0.18251442909240723
0.32906270027160645
0.35111743211746216
0.3947024941444397
0.3701072931289673
0.3696556091308594
0.3046031594276428
0.4201545715332031
0.3116769790649414
0.29946839809417725
0.42093950510025024
0.3206423223018646
0.3846263885498047
0.3770350217819214
0.33669471740722656
0.24517735838890076
0.35674792528152466
0.3350986838340759
0.2675192058086395
0.310865581035614
0.4250590205192566
0.37137463688850403
0.2339431643486023
0.3213196396827698
0.2562052011489868
0.21974018216133118
0.4003964066505432
0.4134344458580017
0.2603166103363037
0.28207698464393616
0.23991763591766357
0.35708990693092346
0.2862865924835205
0.4637405276298523
0.4894797205924988
0.2733954191207886
0.34888941049575806
0.2245795726776123
0.27470678091049194
0.1574265956878662
0.3364092707633972
0.28874659538269043
0.3958744406700134
0.340522825717926
0.20196905732154846
0.38274723291397095
0.38605666160583496
0.3324454128742218
0.26894789934158325
0.16271203756332397
0.4100770950317383
0.17371805012226105
0.34734970331192017
0.3866201639175415
0.4014251232147217
0.5320685505867004
0.2277391105890274
0.3539789915084839
0.2825654149055481
0.10200069099664688
0.35701417922973633
0.35680633783340454
0.4307752251625061
0.23868367075920105
0.21582472324371338
0.30083388090133667
0.17635148763656616
0.3956485986709595
0.3051968216896057
0.4571341872215271
0.4394243359565735
0.20739217102527618
0.1949659138917923
0.29358941316604614
0.2796030044555664
0.31831932067871094
0.24441275000572205
0.43618661165237427
0.3129037320613861
0.2427670955657959
0.45652782917022705
0.11090582609176636
0.3698458671569824
0.37229102849960327
0.29603326320648193
0.24460622668266296
0.4460853934288025
0.22545431554317474
0.17973941564559937
0.37364697456359863
0.4104185700416565
0.32876598834991455
0.3034716248512268
0.41905272006988525
0.44270533323287964
0.3758867383003235
0.2514311373233795
0.38543128967285156
0.4302098751068115
0.3088008761405945
0.42541664838790894
0.37183958292007446
0.38993895053863525
0.13089004158973694
0.14692343771457672
0.2826448082923889
0.320950448513031
0.2144978791475296
0.39802974462509155
0.3039448857307434
0.42023664712905884
0.4037069082260132
0.40875184535980225
0.18126866221427917
0.32901430130004883
0.29224634170532227
0.34166228771209717
0.3693915009498596
0.30682337284088135
0.4796679615974426
0.281042218208313
0.3498650789260864
0.4582133889198303
0.27928847074508667
0.34295156598091125
0.40056556463241577
0.438764750957489
0.3808351755142212
0.28299182653427124
0.27645617723464966
0.2673465609550476
0.369743287563324
0.3263589143753052
0.3840053379535675
0.4075033664703369
0.2879349887371063
0.2323751598596573
0.46251410245895386
0.2050536721944809
0.311173677444458
0.28617018461227417
0.27676793932914734
0.4910810589790344
0.5489546060562134
0.19633466005325317
0.2669144868850708
0.23329505324363708
0.3494207262992859
0.48806220293045044
0.3332931399345398
0.3933592736721039
0.26184889674186707
0.4179445505142212
0.2518378794193268
0.2947772443294525
0.5087690353393555
0.40112143754959106
0.44580507278442383
0.4791858196258545
0.26259762048721313
0.3240917921066284
0.484785258769989
0.40681540966033936
0.3777392506599426
0.36827796697616577
0.059160441160202026
0.1631883978843689
0.27707070112228394
0.38067442178726196
0.36462220549583435
0.39293551445007324
0.2649552822113037
0.04488980770111084
0.1468925178050995
0.3914998173713684
0.25912636518478394
0.3987277150154114
0.22332057356834412
0.2603461444377899
0.2559727430343628
0.5326480865478516
0.2877922058105469
0.3393913507461548
0.39529138803482056
0.37101712822914124
0.351334810256958
0.3468227982521057
0.22935497760772705
0.33313560485839844
0.35090047121047974
0.45160233974456787
0.4326767325401306
0.3737598657608032
0.2871452569961548
0.40282219648361206
0.3508809208869934
0.34072864055633545
0.3709013760089874
0.2607709467411041
0.33579516410827637
0.42263054847717285
0.31497037410736084
0.24498341977596283
0.4971715211868286
0.4283708333969116
0.30189478397369385
0.4708280563354492
0.21187300980091095
0.44035303592681885
0.4206368327140808
0.27797675132751465
0.36356985569000244
0.48847585916519165
0.438199520111084
0.3331083655357361
0.2616192698478699
0.32691121101379395
0.41812360286712646
0.44783246517181396
0.3482780456542969
0.3335638642311096
0.3499150574207306
0.3513428568840027
0.35508501529693604
0.3808714747428894
0.29619646072387695
0.3324934244155884
0.273772269487381
0.4203185439109802
0.29250800609588623
0.33440929651260376
0.2227393388748169
0.3908044695854187
0.28798240423202515
0.1474248468875885
0.33173492550849915
0.20455479621887207
0.35091400146484375
0.5119673013687134
0.2946581244468689
0.3797609806060791
0.21531474590301514
0.3325654864311218
0.23953470587730408
0.14400434494018555
0.26111727952957153
0.3413151502609253
0.32584601640701294
0.3705635070800781
0.209280326962471
0.356403648853302
0.4260752201080322
0.22986090183258057
0.36386722326278687
0.3857783079147339
0.44612938165664673
0.2418452501296997
0.2943306565284729
0.2925648093223572
0.3065069317817688
0.28460538387298584
0.38574278354644775
0.47345590591430664
0.36038219928741455
0.30751359462738037
0.5052786469459534
0.27683013677597046
0.5943015217781067
0.1899075210094452
0.3511504530906677
0.3785982131958008
0.2154887169599533
0.24437928199768066
0.21106822788715363
0.32264137268066406
0.3690093159675598
0.4576874375343323
0.3405476212501526
0.46379363536834717
0.228351891040802
0.37835630774497986
0.16837619245052338
0.277077853679657
0.43326789140701294
0.42643237113952637
0.43785279989242554
0.23248665034770966
0.40908753871917725
0.2274872213602066
0.31661295890808105
0.19562621414661407
0.3152897357940674
0.21963948011398315
0.28877130150794983
0.27399539947509766
0.4778095483779907
0.31587326526641846
0.39595115184783936
0.4098126292228699
0.3674575686454773
0.4300232529640198
0.2813955545425415
0.34347277879714966
0.3602614402770996
0.3436242938041687
0.2657359540462494
0.3150639832019806
0.27698296308517456
0.4427298307418823
0.4175547957420349
0.43473947048187256
0.15736481547355652
0.4338223338127136
0.24035850167274475
0.38353830575942993
0.39072147011756897
0.3907638192176819
0.2765602469444275
0.4586794376373291
0.592559278011322
0.4041987657546997
0.32013165950775146
0.164384126663208
0.4454374313354492
0.3683130741119385
0.3385622501373291
0.28244662284851074
0.2816509008407593
0.3587300181388855
0.227216899394989
0.3974733054637909
0.2679017186164856
0.31898534297943115
0.3617790937423706
0.20765867829322815
0.20159175992012024
0.35937970876693726
0.41414695978164673
0.3703523874282837
0.3375842571258545
0.2807285189628601
0.21495182812213898
0.33191460371017456
0.36201608180999756
0.25599074363708496
0.4366634488105774
0.3956260085105896
0.2590938210487366
0.2088710069656372
0.3553049564361572
0.0773552656173706
0.3775794208049774
0.27841490507125854
0.1785777509212494
0.4560192823410034
0.255187064409256
0.20316800475120544
0.3148127794265747
0.3353842496871948
0.35742348432540894
0.1707562655210495
0.27176934480667114
0.3421761393547058
0.44602638483047485
0.3428661823272705
0.3929859399795532
0.3564174771308899
0.3084276020526886
0.2316545844078064
0.27825695276260376
0.28852683305740356
0.37261274456977844
0.20170018076896667
0.3561764359474182
0.32251840829849243
0.3824104070663452
0.263505220413208
0.34252476692199707
0.3290928304195404
0.1314225196838379
0.42977792024612427
0.1626262664794922
0.343914270401001
0.2633272409439087
0.2055615782737732
0.33576279878616333
0.3333354592323303
0.26685190200805664
0.3650226593017578
0.2957204580307007
0.19690632820129395
0.26555371284484863
0.2364668995141983
0.3189195990562439
0.3765662610530853
0.2758181691169739
0.3717190623283386
0.3371235132217407
0.3612125813961029
0.3506287932395935
0.30013808608055115
0.38050132989883423
0.33862030506134033
0.37682926654815674
0.36100566387176514
0.2825740575790405
0.34697216749191284
0.430807888507843
0.34531229734420776
0.32598522305488586
0.3899341821670532
0.3582408130168915
0.3911152184009552
0.3481006622314453
0.30113500356674194
0.3287622034549713
0.40221619606018066
0.4111383557319641
0.3489569425582886
0.4627736210823059
0.34297847747802734
0.2562820017337799
0.38184744119644165
0.31958621740341187
0.3597562909126282
0.22807283699512482
0.17206108570098877
0.49738311767578125
0.2894211411476135
0.17152121663093567
0.28673261404037476
0.19872799515724182
0.23286332190036774
0.4580078721046448
0.4037604331970215
0.3012826442718506
0.2044648975133896
0.3032228946685791
0.2727828025817871
0.3034098148345947
0.23760494589805603
0.338007390499115
0.4329302906990051
0.3915335536003113
0.2526083290576935
0.3389609456062317
0.35470595955848694
0.24342748522758484
0.38983750343322754
0.31280478835105896
0.26612141728401184
0.4189927577972412
0.3698464035987854
0.14750225841999054
0.28883206844329834
0.2564429044723511
0.3227725625038147
0.2103821039199829
0.34437257051467896
0.25563108921051025
0.19399909675121307
0.41208159923553467
0.3312695622444153
0.342548668384552
0.3319631814956665
0.2443418800830841
0.28257831931114197
0.512139618396759
0.33242225646972656
0.2549569606781006
0.20451869070529938
0.33676087856292725
0.3168196678161621
0.3497270345687866
0.24699217081069946
0.38568198680877686
0.21844196319580078
0.22597075998783112
0.4109881520271301
0.4574577212333679
0.3942491412162781
0.40694016218185425
0.1867275834083557
0.3805810213088989
0.18369504809379578
0.205520898103714
0.4212433695793152
0.34876084327697754
0.45060795545578003
0.5310846567153931
0.22124557197093964
0.40325748920440674
0.20927782356739044
0.1612706184387207
0.5164430141448975
0.3016904592514038
0.3248065710067749
0.38888031244277954
0.3029688596725464
0.3155865967273712
0.271820068359375
0.4393956661224365
0.29418134689331055
0.23794245719909668
0.1608884334564209
0.16931727528572083
0.3646661043167114
0.4210302233695984
0.37506526708602905
0.43608373403549194
0.36219754815101624
0.2961795926094055
0.37564152479171753
0.3742533326148987
0.2430923581123352
0.28751659393310547
0.4343387484550476
0.2938063144683838
0.24494437873363495
0.1634991616010666
0.2623937427997589
0.3561819791793823
0.47064346075057983
0.391218900680542
0.4163241982460022
0.33026260137557983
0.29759305715560913
0.2862582504749298
0.40475910902023315
0.4465823769569397
0.2696601152420044
0.30567649006843567
0.2043139934539795
0.40293121337890625
0.2154850959777832
0.34982985258102417
0.5170704126358032
0.3813466429710388
0.3227406144142151
0.3131178617477417
0.6728651523590088
0.4269410967826843
0.4232167601585388
0.2335350513458252
0.4951125383377075
0.27190083265304565
0.33866944909095764
0.32151108980178833
0.5490778088569641
0.3518669009208679
0.4502795338630676
0.29425275325775146
0.2935004234313965
0.3336585462093353
0.44149571657180786
0.26984286308288574
0.4548216462135315
0.5528401136398315
0.29670554399490356
0.33894091844558716
0.24116280674934387
0.290099561214447
0.483398973941803
0.2843450903892517
0.43994778394699097
0.3849552273750305
0.4352183938026428
0.29873353242874146
0.2947542071342468
0.5518098473548889
0.4762951135635376
0.22781836986541748
0.4378100633621216
0.3571150004863739
0.24789728224277496
0.16648583114147186
0.2185438871383667
0.32072973251342773
0.34105056524276733
0.3134438395500183
0.3073517680168152
0.35001707077026367
0.42568886280059814
0.33171868324279785
0.21969924867153168
0.3890301287174225
0.21828371286392212
0.23343852162361145
0.301103800535202
0.2698345184326172
0.3306009769439697
0.3390498757362366
0.43795090913772583
0.3480162024497986
0.2851964831352234
0.41207534074783325
0.34332647919654846
0.30449730157852173
0.4874630570411682
0.35946863889694214
0.31538522243499756
0.35538387298583984
0.2043226957321167
0.25742146372795105
0.27941036224365234
0.30231067538261414
0.43291163444519043
0.3549081087112427
0.30961400270462036
0.20445619523525238
0.39241182804107666
0.317494660615921
0.2622867226600647
0.2844082713127136
0.29510772228240967
0.3491823971271515
0.22094932198524475
0.31443262100219727
0.42594945430755615
0.2860722541809082
0.383280873298645
0.34694796800613403
0.3502569794654846
0.39590010046958923
0.31318217515945435
0.3083515167236328
0.16138385236263275
0.42558741569519043
0.2952018082141876
0.26039376854896545
0.44439882040023804
0.3265542984008789
0.351429283618927
0.1261579841375351
-0.015908673405647278
0.2061542123556137
0.401610791683197
0.3411663770675659
0.2323613315820694
0.3773195743560791
0.2756773829460144
0.4160148501396179
0.4521315097808838
0.20198282599449158
0.5059740543365479
0.20714040100574493
0.32087910175323486
0.3296964168548584
0.33208757638931274
0.26780611276626587
0.2922598123550415
0.4451095461845398
0.18102580308914185
0.32499611377716064
0.2960101068019867
0.33069729804992676
0.2652203440666199
0.4294198155403137
0.33293503522872925
0.1922816038131714
0.4452034831047058
0.2310706526041031
0.3040577471256256
0.20946358144283295
0.31340062618255615
0.2898067235946655
0.3882301449775696
0.24639028310775757
0.1820974200963974
0.2512158155441284
0.37246933579444885
0.3497636914253235
0.3366525173187256
0.33999043703079224
0.24227668344974518
0.31631898880004883
0.4047260284423828
0.20230408012866974
0.2400158941745758
0.2575567960739136
0.2887343466281891
0.2972538471221924
0.29960447549819946
0.3497558832168579
0.2772057056427002
0.38695287704467773
0.46407485008239746
0.244206964969635
0.25370997190475464
0.3022686839103699
0.2629320025444031
0.33651864528656006
0.29613256454467773
0.25691384077072144
0.4252464771270752
0.24987301230430603
0.25159794092178345
0.263785183429718
0.32924118638038635
0.3866545557975769
0.1695629060268402
0.48349952697753906
0.3473588824272156
0.1996503472328186
0.2962108850479126
0.34823077917099
0.38404178619384766
0.21181027591228485
0.2263093888759613
0.2634725570678711
0.3458670377731323
0.3152786195278168
0.18612223863601685
0.5177814960479736
0.29493868350982666
0.38015496730804443
0.31154972314834595
0.2604641318321228
0.285023957490921
0.5633137822151184
0.42862504720687866
0.22686371207237244
0.22933879494667053
0.23492088913917542
0.33188486099243164
0.4136367440223694
0.2816861867904663
0.27494460344314575
0.4901929497718811
0.2555941045284271
0.1881965845823288
0.30609026551246643
0.22011548280715942
0.3821724057197571
0.26232680678367615
0.3205687999725342
0.20491287112236023
0.24066147208213806
0.42758411169052124
0.27711138129234314
0.2519625425338745
0.24431824684143066
0.31587710976600647
0.3551159203052521
0.41118383407592773
0.35295841097831726
0.2517460584640503
0.353010356426239
0.2354099452495575
0.3856077194213867
0.09372075647115707
0.34889018535614014
0.5808975100517273
0.3846818804740906
0.2772977352142334
0.3095238208770752
0.4258347749710083
0.46517443656921387
0.46659886837005615
0.41190433502197266
0.3321971893310547
0.25751957297325134
0.17445102334022522
0.328139066696167
0.2838698625564575
0.25345849990844727
0.27453675866127014
0.21087603271007538
0.30143293738365173
0.21368275582790375
0.21597051620483398
0.27623575925827026
0.3640488386154175
0.28743255138397217
0.2961992025375366
0.3296889066696167
0.35363030433654785
0.32371461391448975
0.22713780403137207
0.33884310722351074
0.1945384293794632
0.28010883927345276
0.40398693084716797
0.4076912999153137
0.4972856044769287
0.13383552432060242
0.2522859573364258
0.33750051259994507
0.22972093522548676
0.25969916582107544
0.25567376613616943
0.24137482047080994
0.3139985203742981
0.3324684500694275
0.22412532567977905
0.16564148664474487
0.1861436665058136
0.23033148050308228
0.32685917615890503
0.3452446460723877
0.2516062259674072
0.2733456790447235
0.26916998624801636
0.3688955307006836
0.2696855664253235
0.19648727774620056
0.2045099288225174
0.4421997666358948
0.14242109656333923
0.286357581615448
0.18781593441963196
0.22934077680110931
0.2308465838432312
0.3016473650932312
0.2788664400577545
0.2848277688026428
0.3136722445487976
0.26206016540527344
0.38759058713912964
0.3403090834617615
0.4589642286300659
0.3197873830795288
0.3826332688331604
0.37639617919921875
0.17743036150932312
0.1966286301612854
0.31041914224624634
0.44515812397003174
0.27503523230552673
0.35433700680732727
0.3021986484527588
0.4443153142929077
0.42698949575424194
0.2467774748802185
0.2989993989467621
0.316716730594635
0.39127570390701294
0.31656157970428467
0.33711671829223633
0.221637561917305
0.28804826736450195
0.4542611241340637
0.31584250926971436
0.3398880958557129
0.4075555205345154
0.28288495540618896
0.40141260623931885
0.3436849117279053
0.41905677318573
0.35453933477401733
0.329140305519104
0.20112213492393494
0.27743977308273315
0.3174858093261719
0.23763781785964966
0.33926093578338623
0.40059608221054077
0.2989339828491211
0.32380908727645874
0.4961439371109009
0.32475531101226807
0.3496631979942322
0.2559887170791626
0.25590699911117554
0.33915144205093384
0.4144808053970337
0.38137805461883545
0.422737181186676
0.30734390020370483
0.40053898096084595
0.3639659881591797
0.4776749014854431
0.2322983741760254
0.431454598903656
0.18337346613407135
0.5222410559654236
0.38679248094558716
0.31476306915283203
0.3874019980430603
0.20083260536193848
0.1612432599067688
0.2541239857673645
0.3178268373012543
0.6992714405059814
0.32869893312454224
0.21782395243644714
0.24580064415931702
0.33780521154403687
0.2229529321193695
0.40907835960388184
0.37339866161346436
0.8243563175201416
0.3884066045284271
0.27834343910217285
0.34092992544174194
0.2370622158050537
0.3327810764312744
0.2671712338924408
0.2855750024318695
0.44889312982559204
0.3065115809440613
0.4133087992668152
0.39180368185043335
0.3234872817993164
0.3620913028717041
0.21295136213302612
0.4600760340690613
0.398198664188385
0.276449054479599
0.31376564502716064
0.15489405393600464
0.16888822615146637
0.3151814937591553
0.4946818947792053
0.3645983338356018
0.5574097037315369
0.3779637813568115
0.44750654697418213
0.4050912857055664
0.17193664610385895
0.32458847761154175
0.35786569118499756
0.28776466846466064
0.22217342257499695
0.44968634843826294
0.3832458257675171
0.4348517656326294
0.18807969987392426
0.34472209215164185
0.34901392459869385
0.4139350652694702
0.545520007610321
0.5441167950630188
0.38270115852355957
0.32776767015457153
0.1708340048789978
0.33984851837158203
0.41841137409210205
0.2894645929336548
0.3224712014198303
0.3051931858062744
0.4331514835357666
0.41479218006134033
0.278301477432251
0.25606176257133484
0.1550363302230835
0.3170149326324463
0.3757248520851135
0.15448521077632904
0.15338876843452454
0.30809593200683594
0.35035377740859985
0.3543682098388672
0.3059253692626953
0.3915470242500305
0.25462666153907776
0.3732553720474243
0.26985567808151245
0.34721460938453674
0.3319389224052429
0.3382309079170227
0.356356680393219
0.27779728174209595
0.1625959277153015
0.3559025526046753
0.26295363903045654
0.2929028868675232
0.336360365152359
0.2709850072860718
0.3685806095600128
0.22118496894836426
0.2863473892211914
0.47113728523254395
0.4085293412208557
0.3685818016529083
0.19479474425315857
0.3694404363632202
0.2893122732639313
0.4589443802833557
0.24390526115894318
0.18254631757736206
0.2432204782962799
0.3425943851470947
0.24215355515480042
0.4989256262779236
0.3055613934993744
0.26013457775115967
0.29439133405685425
0.45270639657974243
0.2805701196193695
0.21928977966308594
0.3503480553627014
0.49524861574172974
0.22758612036705017
0.26655662059783936
0.3818524479866028
0.4083085060119629
0.3065446615219116
0.30906152725219727
0.43376195430755615
0.22042328119277954
0.35393762588500977
0.19612202048301697
0.3748624324798584
0.35870569944381714
0.2837340235710144
0.27405446767807007
0.33857178688049316
0.3912412226200104
0.34664663672447205
0.2778908610343933
0.21273431181907654
0.24260389804840088
0.3358888030052185
0.24735422432422638
0.32742589712142944
0.2370874285697937
0.363689124584198
0.4048808813095093
0.12180473655462265
0.20996440947055817
0.32176175713539124
0.2691384255886078
0.33964258432388306
0.3912416100502014
0.2896031141281128
0.41369324922561646
0.36115434765815735
0.33234697580337524
0.07227521389722824
0.3946349620819092
0.30342787504196167
0.38892263174057007
0.3784998655319214
0.3625951409339905
0.36554044485092163
0.4896063804626465
0.27218568325042725
0.3419113755226135
0.25670015811920166
0.17562760412693024
0.3390980362892151
0.34608936309814453
0.3083983361721039
0.469745934009552
0.3703147768974304
0.5108894109725952
0.3635624647140503
0.3207384943962097
0.3041938543319702
0.35752052068710327
0.2953829765319824
0.35963892936706543
0.26980045437812805
0.3656441569328308
0.4748997092247009
0.23754607141017914
0.36415567994117737
0.10931525379419327
0.33405205607414246
0.346180260181427
0.24297192692756653
0.365689754486084
0.381061851978302
0.24961552023887634
0.28948602080345154
0.4347979426383972
0.4477430582046509
0.29351145029067993
0.25605064630508423
0.3081653118133545
0.22878222167491913
0.2878206968307495
0.2951323390007019
0.47553443908691406
0.4579554796218872
0.29346364736557007
0.25032803416252136
0.4606174826622009
0.23159019649028778
0.3806331753730774
0.24448463320732117
0.3653362989425659
0.39644306898117065
0.3970571756362915
0.26451194286346436
0.394869327545166
0.23091313242912292
0.3275671601295471
0.2480863630771637
0.3365667462348938
0.3340685963630676
0.45911723375320435
0.7003070116043091
0.2219381034374237
0.38229697942733765
0.3677352964878082
0.3179000914096832
0.29862868785858154
0.2335677295923233
0.32891708612442017
0.24161821603775024
0.3300127387046814
0.4760392904281616
0.32317930459976196
0.34340620040893555
0.22120216488838196
0.23305535316467285
0.20207485556602478
0.18134255707263947
0.324126660823822
0.24617789685726166
0.181932270526886
0.3295724391937256
0.47668761014938354
0.565617561340332
0.42058008909225464
0.36119532585144043
0.40563875436782837
0.27951061725616455
0.37077879905700684
0.38244378566741943
0.377014696598053
0.3680545389652252
0.2028675228357315
0.3787301182746887
0.3891262710094452
0.30498170852661133
0.43819302320480347
0.29315048456192017
0.43958884477615356
0.3024744391441345
0.3633365035057068
0.3208630084991455
0.3467215299606323
0.29804229736328125
0.30347782373428345
0.49359679222106934
0.17391380667686462
0.3890123963356018
0.2769584059715271
0.3097899556159973
0.2101639211177826
0.48731231689453125
0.24292713403701782
0.35033226013183594
0.417492151260376
0.3383294641971588
0.23543518781661987
0.455345094203949
0.34896695613861084
0.3032965660095215
0.4067249298095703
0.18528714776039124
0.44378864765167236
0.21192891895771027
0.3145941495895386
0.3215697407722473
0.40163761377334595
0.22185561060905457
0.18248267471790314
0.35877931118011475
0.31133633852005005
0.4145233631134033
0.3237772583961487
0.24626901745796204
0.37640833854675293
0.46178358793258667
0.3825682997703552
0.3889046907424927
0.34445053339004517
0.23266589641571045
0.3301330506801605
0.3011009693145752
0.35614675283432007
0.19590044021606445
0.3540956676006317
0.29454305768013
0.33195793628692627
0.5197363495826721
0.3459703326225281
0.3344367444515228
0.20934021472930908
0.4661957621574402
0.056721292436122894
0.1933920979499817
0.4437369108200073
0.2569417357444763
0.22043311595916748
0.44401460886001587
0.3318306803703308
0.0004621744155883789
0.1895986795425415
0.2831173539161682
0.2199540138244629
0.34136301279067993
0.4017829895019531
0.3065013289451599
0.4023035764694214
0.32866382598876953
0.1752745807170868
0.28452348709106445
0.4229700565338135
0.45954108238220215
0.40100419521331787
0.33642178773880005
0.36216649413108826
0.4510918855667114
0.2892102599143982
0.33347779512405396
0.3835543394088745
0.36719292402267456
0.6540440917015076
0.2652985453605652
0.3414737582206726
0.32741212844848633
0.4726429581642151
0.31535524129867554
0.4148303270339966
0.38677871227264404
0.14925847947597504
0.3572129011154175
0.3174998164176941
0.43347859382629395
0.43252062797546387
0.32630109786987305
0.17255748808383942
0.23527289927005768
0.4062551259994507
0.2802249789237976
0.35785698890686035
0.3462482988834381
0.31199026107788086
0.345182329416275
0.33274638652801514
0.2669858932495117
0.3718819320201874
0.45839107036590576
0.4625571370124817
0.33721286058425903
0.4671686887741089
0.38004472851753235
0.38823598623275757
0.31029051542282104
0.43320178985595703
0.3306405544281006
0.321841299533844
0.26742497086524963
0.12954232096672058
0.1516006886959076
0.47457462549209595
0.21605944633483887
0.3425924777984619
0.2192430943250656
0.3204701244831085
0.2994520664215088
0.3127455711364746
0.23899012804031372
0.19908925890922546
0.12858034670352936
0.26585936546325684
0.2630503177642822
0.21344906091690063
0.29234778881073
0.4332542419433594
0.3626832962036133
0.13588157296180725
0.21893538534641266
0.3970072865486145
0.25066593289375305
0.20816470682621002
0.3218146562576294
0.4512762427330017
0.37693190574645996
0.262722373008728
0.30865806341171265
0.35200485587120056
0.34821033477783203
0.30964842438697815
0.44149041175842285
0.37277132272720337
0.22555603086948395
0.4254302382469177
0.2757580280303955
0.16537097096443176
0.27734023332595825
0.2972638010978699
0.25528714060783386
0.34057241678237915
0.3415898382663727
0.3110952377319336
0.3187119960784912
0.45953667163848877
0.24048206210136414
0.10966905206441879
0.2276434302330017
0.323309063911438
0.31849026679992676
0.35743314027786255
0.4561728835105896
0.4765514135360718
0.3300023674964905
0.19016554951667786
0.38779687881469727
0.3219856023788452
0.42352908849716187
0.35142427682876587
0.29060861468315125
0.2560880780220032
0.3326804041862488
0.3724621534347534
0.2574428915977478
0.2773284614086151
0.3814179003238678
0.21289518475532532
0.2646743059158325
0.30518388748168945
0.6343597769737244
0.20263360440731049
0.3305599093437195
0.40095269680023193
0.27585190534591675
0.26466691493988037
0.3727835714817047
0.33814236521720886
0.3670912981033325
0.3472694456577301
0.350927472114563
0.41210299730300903
0.3513326644897461
0.33289414644241333
0.4306422472000122
0.2746965289115906
0.2906827926635742
0.20684325695037842
0.40367060899734497
0.3387148380279541
0.3111627697944641
0.23066915571689606
0.2591729164123535
0.12777169048786163
0.19992011785507202
0.2623962461948395
0.5107561349868774
0.2357155680656433
0.4111558198928833
0.3115541934967041
0.45451050996780396
0.2307591587305069
0.23986707627773285
0.419732928276062
0.2970343232154846
0.28449082374572754
0.46968573331832886
0.3264552652835846
0.3683739900588989
0.3730165362358093
0.246221125125885
0.3346368670463562
0.39767879247665405
0.2744732201099396
0.3772279918193817
0.3962816596031189
0.2570283114910126
0.3103353977203369
0.3993319272994995
0.26095062494277954
0.3713991641998291
0.3874218165874481
0.27227210998535156
0.2786443829536438
0.30541980266571045
0.38921383023262024
0.3711080551147461
0.22383639216423035
0.20774903893470764
0.4050334095954895
0.47725117206573486
0.1220729798078537
0.23823408782482147
0.2366582304239273
0.3221163749694824
0.37914586067199707
0.2810696065425873
0.28639906644821167
0.20592884719371796
0.11030349880456924
0.4189111590385437
0.3469814658164978
0.3200134038925171
0.2926778793334961
0.23953795433044434
0.1513402909040451
0.21202746033668518
0.34251493215560913
0.2636547386646271
0.24205036461353302
0.3949156403541565
0.2379106730222702
0.28294989466667175
0.3471989333629608
0.2976647913455963
0.3521629571914673
0.4121803045272827
0.33026304841041565
0.4027945399284363
0.3899257481098175
0.36695969104766846
0.34760573506355286
0.1182580292224884
0.39822518825531006
0.052596673369407654
0.3384283185005188
0.357551634311676
0.5012676119804382
0.4132540822029114
0.273975670337677
0.39975762367248535
0.25650328397750854
0.5599560737609863
0.44730323553085327
0.30157119035720825
0.5375456213951111
0.34092873334884644
0.35800451040267944
0.2524595856666565
0.2718639075756073
0.17042922973632812
0.2562519311904907
0.2344340682029724
0.24583011865615845
0.27519989013671875
0.3038337230682373
0.43094348907470703
0.4221832752227783
0.26592403650283813
0.30307328701019287
0.3413769602775574
0.2724405527114868
0.27017590403556824
0.26135173439979553
0.4892568588256836
0.39597636461257935
0.19050148129463196
0.2963932156562805
0.3286898732185364
0.35311025381088257
0.27731549739837646
0.27007877826690674
0.3422163128852844
0.3523622155189514
0.40485769510269165
0.31533312797546387
0.1205899715423584
0.3150847256183624
0.30324965715408325
0.44819337129592896
0.3348543643951416
0.4571101665496826
0.38457250595092773
0.38174569606781006
0.33211296796798706
0.43597954511642456
0.272470086812973
0.14137373864650726
0.2682212293148041
0.2576664686203003
0.22471533715724945
0.40385621786117554
0.2627315819263458
0.47532522678375244
0.32848525047302246
0.25329458713531494
0.4116790294647217
0.36889225244522095
0.16781958937644958
0.2625109553337097
0.25521615147590637
0.43065565824508667
0.20161589980125427
0.3102085590362549
0.2776285409927368
0.369478702545166
0.22675730288028717
0.16273680329322815
0.2697873115539551
0.27517449855804443
0.36708199977874756
0.3937152028083801
0.27868008613586426
0.36213821172714233
0.3242260813713074
0.5529521703720093
0.21051794290542603
0.2578515410423279
0.21163193881511688
0.3822975754737854
0.28777921199798584
0.2430073320865631
0.31317847967147827
0.15428206324577332
0.2548938989639282
0.4752453565597534
0.5140778422355652
0.3108712434768677
0.2373766452074051
0.3738110065460205
0.2981243133544922
0.2579234540462494
0.3779255151748657
0.26154381036758423
0.35434234142303467
0.4909539222717285
0.2243945300579071
0.4381771683692932
0.2824966609477997
0.22365428507328033
0.5431710481643677
0.3910914361476898
0.2586597204208374
0.29938948154449463
0.31345850229263306
0.36546090245246887
0.29006123542785645
0.38026294112205505
0.3104097843170166
0.2803548574447632
0.4368218183517456
0.2643521726131439
0.2216355800628662
0.33802855014801025
0.34148138761520386
0.24251843988895416
0.47715437412261963
0.321744441986084
0.21653009951114655
0.3279596269130707
0.3345290720462799
0.440677285194397
0.2940368056297302
0.27472344040870667
0.2727210521697998
0.41401994228363037
0.3739396631717682
0.3985176086425781
0.2985774278640747
0.12529350817203522
0.30196577310562134
0.3124696612358093
0.32558438181877136
0.36671507358551025
0.3406114876270294
0.2285052090883255
0.36624306440353394
0.39842408895492554
0.40474140644073486
0.43075668811798096
0.31666654348373413
0.3688874840736389
0.17940406501293182
0.34218859672546387
0.27018100023269653
0.4493827223777771
0.37452858686447144
0.3256608843803406
0.3454374074935913
0.4024505615234375
0.3125043511390686
0.3076320290565491
0.27431708574295044
0.44643497467041016
0.61012202501297
0.49056363105773926
0.37023454904556274
0.2450571358203888
0.42935818433761597
0.2863840162754059
0.4229821562767029
0.2957058548927307
0.35647130012512207
0.24117720127105713
0.34261712431907654
0.30334359407424927
0.4472428560256958
0.3492688536643982
0.30095648765563965
0.37038809061050415
0.3380526602268219
0.3797404170036316
0.19325919449329376
0.40002596378326416
0.15857204794883728
0.41947776079177856
0.3165908455848694
0.3237284719944
0.2216401994228363
0.18164300918579102
0.21399372816085815
0.18204672634601593
0.38877102732658386
0.3167760968208313
0.21956467628479004
0.42950010299682617
0.2989080548286438
0.39775264263153076
0.24443379044532776
0.35185128450393677
0.4048675298690796
0.3233972191810608
0.2803422212600708
0.3590494990348816
0.28083863854408264
0.3518156111240387
0.30893945693969727
0.3031059503555298
0.30865296721458435
0.11624734103679657
0.259831964969635
0.23962587118148804
0.26219892501831055
0.2727768123149872
0.3721922039985657
0.33283042907714844
0.380882203578949
0.3019597828388214
0.2776511311531067
0.2131212055683136
0.2637396454811096
0.4229486584663391
0.3394125699996948
0.3870646059513092
0.4419710040092468
0.38837409019470215
0.3499903380870819
0.48559045791625977
0.37339580059051514
0.42585623264312744
0.1360287368297577
0.5974401235580444
0.3897164463996887
0.21754437685012817
0.2616856098175049
0.43013936281204224
0.315809965133667
0.2898544669151306
0.3639463186264038
0.20468173921108246
0.18793834745883942
0.2800820469856262
0.16237062215805054
0.36038732528686523
0.2615264654159546
0.34970909357070923
0.26532799005508423
0.3476555347442627
0.47445106506347656
0.32941004633903503
0.3037257194519043
0.4491235017776489
0.39719945192337036
0.11913983523845673
0.4694671630859375
0.32995203137397766
0.4153623580932617
0.48120832443237305
0.19149701297283173
0.45553308725357056
0.4033697247505188
0.2328234761953354
0.2553790211677551
0.3771301805973053
0.25758689641952515
0.3060246706008911
0.3150922656059265
0.331792414188385
0.25901228189468384
0.2642343044281006
0.35307776927948
0.13967332243919373
0.27591997385025024
0.4178769588470459
0.3815092146396637
0.3521100878715515
0.4349687695503235
0.34162241220474243
0.3214262127876282
0.2134922444820404
0.5131351947784424
0.3544429540634155
0.27118539810180664
0.32609379291534424
0.36064982414245605
0.3329366147518158
0.4510684013366699
0.4023131728172302
0.40538084506988525
0.4112705588340759
0.2617889940738678
0.3205673098564148
0.3747591972351074
0.4535679817199707
0.3735158145427704
0.3649826645851135
0.38105595111846924
0.25620943307876587
0.4012700319290161
0.29946988821029663
0.42208701372146606
0.3156641721725464
0.39313894510269165
0.27196937799453735
0.5084658861160278
0.19880402088165283
0.2599544823169708
0.17801529169082642
0.2970917224884033
0.44592833518981934
0.4563395380973816
0.13925355672836304
0.3453938961029053
0.438163161277771
0.4358011484146118
0.3744196593761444
0.29734981060028076
0.4686909317970276
0.1714179813861847
0.25126272439956665
0.2729398012161255
0.25645384192466736
0.2870950698852539
0.7563300132751465
0.35699278116226196
0.17026402056217194
0.31477177143096924
0.3725195527076721
0.45957326889038086
0.34360843896865845
0.42303013801574707
0.31265175342559814
0.3559192419052124
0.363792359828949
0.4041064381599426
0.2716869115829468
0.4268839955329895
0.36518293619155884
0.41853445768356323
0.350538045167923
0.26452574133872986
0.270837664604187
0.39724665880203247
0.3431456685066223
0.3622777462005615
0.3589710593223572
0.15577273070812225
0.23866602778434753
0.22562077641487122
0.3635845184326172
0.31500083208084106
0.04819537699222565
0.2694774270057678
0.12618333101272583
0.3584170341491699
0.3463301956653595
0.40416818857192993
0.39460909366607666
0.24774527549743652
0.3024410009384155
0.3134691119194031
0.3711232542991638
0.3847479224205017
0.28261396288871765
0.42781656980514526
0.33868563175201416
0.19878986477851868
0.38981348276138306
0.43313121795654297
0.33410316705703735
0.39655691385269165
0.2010001391172409
0.2874106168746948
0.3167102038860321
0.3920184373855591
0.33609288930892944
0.2101629078388214
0.4480743408203125
0.26615309715270996
0.29228490591049194
0.37958192825317383
0.3198428153991699
0.22804653644561768
0.3598874807357788
0.2707153558731079
0.36404654383659363
0.45846420526504517
0.39311128854751587
0.3275851607322693
0.3124605417251587
0.5507538914680481
0.30069297552108765
0.357418417930603
0.3180394768714905
0.3570682406425476
0.1707330346107483
0.3855512738227844
0.3984982371330261
0.2349051982164383
0.3231816291809082
0.4221586585044861
0.41785770654678345
0.17333632707595825
0.33209460973739624
0.33058130741119385
0.2781628370285034
0.32112038135528564
0.2228093445301056
0.10740350186824799
0.3253505825996399
0.3295670747756958
0.23344382643699646
0.339809775352478
0.4305238127708435
0.28932201862335205
0.3216250240802765
0.3095357418060303
0.3328954577445984
0.27967363595962524
0.331836998462677
0.25237369537353516
0.31501367688179016
0.3942641019821167
0.36273348331451416
0.3691751956939697
0.31019890308380127
0.3429529070854187
0.25161391496658325
0.2610565423965454
0.2289702296257019
0.3397176265716553
0.19678837060928345
0.31836509704589844
0.3186042904853821
0.41673076152801514
0.3861766457557678
0.29124218225479126
0.35613203048706055
0.3676183819770813
0.3319031000137329
0.1848590075969696
0.5021963715553284
0.3460856080055237
0.3441620469093323
0.3369365334510803
0.3710631728172302
0.293754518032074
0.42479991912841797
0.27992478013038635
0.19924630224704742
0.2806774973869324
0.22668306529521942
0.45137161016464233
0.4619048237800598
0.3417724668979645
0.2930542826652527
0.44267135858535767
0.3476422429084778
0.31586363911628723
0.24343180656433105
0.2858733534812927
0.272854208946228
0.29705214500427246
0.27053242921829224
0.18510127067565918
0.25885120034217834
0.2352440059185028
0.31540054082870483
0.4168581962585449
0.34937673807144165
0.5395398736000061
0.37081602215766907
0.17785736918449402
0.38023078441619873
0.012193962931632996
0.20439797639846802
0.42556190490722656
0.2095375955104828
0.5569308400154114
0.2749624252319336
0.4737989902496338
0.3351860046386719
0.3699706196784973
0.4718482494354248
0.27710556983947754
0.30161720514297485
0.20298129320144653
0.4006415605545044
0.373311847448349
0.235404372215271
0.26863929629325867
0.27897244691848755
0.20730727910995483
0.41855388879776
0.48345571756362915
0.442065954208374
0.2318781465291977
0.32585540413856506
0.3803626298904419
0.2799479365348816
0.2095055878162384
0.3235893249511719
0.2136625051498413
0.3455244302749634
0.22944477200508118
0.33258646726608276
0.294220507144928
0.22547203302383423
0.23597875237464905
0.15473821759223938
0.27640771865844727
0.4910498857498169
0.28793418407440186
0.2884186804294586
0.2565421164035797
0.29633572697639465
0.296539306640625
0.3637211322784424
0.2156558334827423
0.23600724339485168
0.41714924573898315
0.32390427589416504
0.17221835255622864
0.3967578411102295
0.36740273237228394
0.4376987814903259
0.232702374458313
0.36085885763168335
0.6431385278701782
0.3728351593017578
0.3405202031135559
0.44317275285720825
0.28792643547058105
0.46869003772735596
0.3166053295135498
0.06694325804710388
0.43709689378738403
0.24404427409172058
0.3029404878616333
0.22265055775642395
0.3795560598373413
0.24366220831871033
0.32304054498672485
0.28324440121650696
0.4155411124229431
0.3204283118247986
0.3432376980781555
0.22117935121059418
0.15427950024604797
0.19794012606143951
0.12095529586076736
0.3470897078514099
0.2575834095478058
0.3499777317047119
0.44608741998672485
0.40127992630004883
0.37675940990448
0.36846864223480225
0.41080206632614136
0.46631282567977905
0.32951632142066956
0.24934044480323792
0.29355934262275696
0.3550949990749359
0.41931504011154175
0.2723364233970642
0.2513933479785919
0.34703999757766724
0.28793713450431824
0.28261494636535645
0.2662460207939148
0.34847354888916016
0.3462352752685547
0.3307889401912689
0.2801057696342468
0.3997384309768677
0.3329888582229614
0.22442150115966797
0.2902373671531677
0.410145103931427
0.201596200466156
0.28370049595832825
0.29045313596725464
0.3341481685638428
0.4315055012702942
0.2985436022281647
0.4076833128929138
0.2711629867553711
0.3027980625629425
0.14868317544460297
0.3334035277366638
0.17028847336769104
0.35520175099372864
0.2819724977016449
0.24953359365463257
0.3549135625362396
0.40759986639022827
0.34888339042663574
0.42451804876327515
0.23928359150886536
0.5293140411376953
0.2690049409866333
0.4087828993797302
0.23943854868412018
0.445451021194458
0.21446792781352997
0.6124058961868286
0.3305971622467041
0.45688682794570923
0.40287846326828003
0.43296098709106445
0.19453343749046326
0.39129555225372314
0.29009363055229187
0.25221237540245056
0.3673045039176941
0.4544830918312073
0.31475335359573364
0.31493914127349854
0.3401704430580139
0.176078200340271
0.39985209703445435
0.25877049565315247
0.26905375719070435
0.19078263640403748
0.18530875444412231
0.28175437450408936
0.33395522832870483
0.28824788331985474
0.3113570213317871
0.21578440070152283
0.29006409645080566
0.5566709041595459
0.3524448275566101
0.3180457055568695
0.1824122667312622
0.36146658658981323
0.148139089345932
0.29313889145851135
0.408962607383728
0.3437562882900238
0.35180604457855225
0.18608629703521729
0.40779244899749756
0.369279146194458
0.278012752532959
0.3053128123283386
0.1773741990327835
0.23743735253810883
0.3243921995162964
0.30665963888168335
0.3118339478969574
0.38319212198257446
0.4675057530403137
0.27530497312545776
0.20319853723049164
0.20729881525039673
0.5206513404846191
0.4555724859237671
0.2059008777141571
0.266337513923645
0.2938970625400543
0.311271071434021
0.2514217495918274
0.31310898065567017
0.30512312054634094
0.27851688861846924
0.3541201949119568
0.15830138325691223
0.3065134882926941
0.3172839879989624
0.33791497349739075
0.2585299015045166
0.3241124749183655
0.4136080741882324
0.2121250182390213
0.2631054222583771
0.34818434715270996
0.3511314392089844
0.34995996952056885
0.28237080574035645
0.28821516036987305
0.24024170637130737
0.24778392910957336
0.34076762199401855
0.3673088550567627
0.42065900564193726
0.4027644395828247
0.18421638011932373
0.22357133030891418
0.33805322647094727
0.2959933280944824
0.40692251920700073
0.3304516077041626
0.2527412176132202
0.25562572479248047
0.2976495623588562
0.35796618461608887
0.31809109449386597
0.3351544141769409
0.28855353593826294
0.3969469666481018
0.3342517614364624
0.25243502855300903
0.39606428146362305
0.4274490475654602
0.24870151281356812
0.3080686628818512
0.26363855600357056
0.2598339021205902
0.3999207615852356
0.268655002117157
0.3068985342979431
0.36864346265792847
0.24796433746814728
0.3383103013038635
0.2702591121196747
0.18230782449245453
0.3275666832923889
0.32098329067230225
0.493086040019989
0.18885281682014465
0.3320326805114746
0.1857820451259613
0.32218044996261597
0.2512972354888916
0.3655397295951843
0.2437860667705536
0.2660210132598877
0.24704107642173767
0.3214317560195923
0.339216947555542
0.48175907135009766
0.8352596163749695
0.3311518430709839
0.18384090065956116
0.3227595388889313
0.2688605785369873
0.32810133695602417
0.32149720191955566
0.18367907404899597
0.3758077025413513
0.501128077507019
0.20694684982299805
0.3487163782119751
0.35274893045425415
0.3374495506286621
0.43849366903305054
0.31102579832077026
0.20848432183265686
0.24009448289871216
0.3449617624282837
0.3244223892688751
0.40842849016189575
0.26722413301467896
0.4038904309272766
0.21500572562217712
0.4614452123641968
0.30540400743484497
0.16701999306678772
0.4288606643676758
0.21996398270130157
0.29693663120269775
0.26282358169555664
0.23371157050132751
0.27436038851737976
0.142718106508255
0.4020490050315857
0.3491063714027405
0.343469500541687
0.4517132043838501
0.3059483766555786
0.2552769184112549
0.4394911527633667
0.3195977210998535
0.34160876274108887
0.3379182517528534
0.29718953371047974
0.214590385556221
0.17672774195671082
0.17831653356552124
0.18523725867271423
0.2456938624382019
0.30795514583587646
0.5008076429367065
0.2554425597190857
0.3258262276649475
0.3613768219947815
0.24137714505195618
0.3124154806137085
0.33453941345214844
0.3083067536354065
0.2977990508079529
0.38458579778671265
0.15001896023750305
0.25705111026763916
0.5013647079467773
0.30964338779449463
0.2530088722705841
0.4116417169570923
0.2894057631492615
0.11683908849954605
0.2788759171962738
0.2944127023220062
0.3845037817955017
0.2796131372451782
0.23866820335388184
0.22753019630908966
0.5566966533660889
0.27504056692123413
0.41043370962142944
0.2701930105686188
0.3553135395050049
0.30545133352279663
0.47664153575897217
0.40833431482315063
0.3376387059688568
0.366793692111969
0.2880496382713318
0.36528828740119934
0.28279104828834534
0.34843766689300537
0.364177405834198
0.23989945650100708
0.2867066264152527
0.3950248062610626
0.3215106129646301
0.3204222321510315
0.2648979425430298
0.22247830033302307
0.3916044235229492
0.3515271842479706
0.41360294818878174
0.3031793236732483
0.5138026475906372
0.31654584407806396
0.22898276150226593
0.24928058683872223
0.48890942335128784
0.29801106452941895
0.2885066270828247
0.3011332154273987
0.20178502798080444
0.3758885860443115
0.49923068284988403
0.2391459047794342
0.25662961602211
0.30531764030456543
0.325462281703949
0.38184136152267456
0.42249494791030884
0.3324509263038635
0.3300134539604187
0.39836353063583374
0.3227389454841614
0.3034052848815918
0.2803378701210022
0.5316104292869568
0.24259033799171448
0.3555324077606201
0.5013346076011658
0.2925243377685547
0.2885259985923767
0.40836191177368164
0.22934077680110931
0.2994982600212097
0.2433868646621704
0.315868616104126
0.3930344879627228
0.27238205075263977
0.21345584094524384
0.30929845571517944
0.2970925569534302
0.42420172691345215
0.3658522665500641
0.19991999864578247
0.1366991400718689
0.37834301590919495
0.25575438141822815
0.21469375491142273
0.49319547414779663
0.4535555839538574
0.39109236001968384
0.5434337258338928
0.16312217712402344
0.3809695839881897
0.22483105957508087
0.3444399833679199
0.2561706602573395
0.26820942759513855
0.29958948493003845
0.26094502210617065
0.3622768819332123
0.40472739934921265
0.22352905571460724
0.31530940532684326
0.3194214105606079
0.29798877239227295
0.24082472920417786
0.39626356959342957
0.334446519613266
0.2998771667480469
0.3297163248062134
0.23998811841011047
0.303879976272583
0.3456869125366211
0.3411634564399719
0.4078364372253418
0.24765312671661377
0.3189537525177002
0.33689719438552856
0.21390457451343536
0.6047396063804626
0.4952477216720581
0.3765157461166382
0.15630242228507996
0.3515280783176422
0.2579330503940582
0.30206114053726196
0.2675185203552246
0.4067944288253784
0.43301916122436523
0.3827718496322632
0.12152717262506485
0.18714788556098938
0.3048039674758911
0.4605942368507385
0.34856706857681274
0.27600812911987305
0.2573349177837372
0.30399900674819946
0.3577594757080078
0.1879454255104065
0.2103879749774933
0.29486536979675293
0.2954097390174866
0.4529234766960144
0.34512245655059814
0.32215356826782227
0.29353034496307373
0.3305686116218567
0.34144532680511475
0.2219667136669159
0.36450040340423584
0.36196398735046387
0.5044904947280884
0.3620781898498535
0.3524618148803711
0.41826432943344116
0.3034431040287018
0.32458314299583435
0.252979576587677
0.1429433822631836
0.44005638360977173
0.19481730461120605
0.2889109253883362
0.3196960389614105
0.1961720585823059
0.5997384190559387
0.2113816738128662
0.3075764775276184
0.3370758891105652
0.15417471528053284
0.32681986689567566
0.3543921411037445
0.1860027313232422
0.46294039487838745
0.26950803399086
0.2767297029495239
0.3798760771751404
0.17440034449100494
0.2579326629638672
0.18272051215171814
0.30243903398513794
0.2765882611274719
0.3443540632724762
0.19163471460342407
0.16704221069812775
0.4036407470703125
0.2396751195192337
0.2634272873401642
0.35439419746398926
0.2407619059085846
0.30212247371673584
0.4062687158584595
0.2979765832424164
0.2761860191822052
0.17443105578422546
0.3163825571537018
0.21851883828639984
0.26384103298187256
0.2304372489452362
0.36799705028533936
0.31137847900390625
0.2925244867801666
0.17068403959274292
0.20392972230911255
0.3223944902420044
0.20322751998901367
0.3284232020378113
0.19592472910881042
0.2778112590312958
0.3640918731689453
0.3424353003501892
0.18450197577476501
0.20278266072273254
0.34329062700271606
0.20906952023506165
0.18008801341056824
0.3245393633842468
0.34347134828567505
0.11722360551357269
0.4181904196739197
0.3836163282394409
0.36262047290802
0.307806134223938
0.25045567750930786
0.38445740938186646
0.431590735912323
0.200773686170578
0.33259856700897217
0.4003688097000122
0.1581278294324875
0.3419041633605957
0.3370002210140228
0.2035287767648697
0.41181331872940063
0.18027780950069427
0.2305956333875656
0.330963134765625
0.24002869427204132
0.27963995933532715
0.2250472605228424
0.6052663922309875
0.4145429730415344
0.39355388283729553
0.2414519488811493
0.3588683009147644
0.4510577321052551
0.321027934551239
0.2784392535686493
0.21207433938980103
0.3655487895011902
0.24649471044540405
0.4055904150009155
0.2912869155406952
0.3092234134674072
0.43000274896621704
0.42622262239456177
0.3542201519012451
0.5271463394165039
0.4474416971206665
0.2539971172809601
0.41051745414733887
0.4469456076622009
0.26582643389701843
0.3476516902446747
0.2594251036643982
0.4232936501502991
0.3386949300765991
0.21275053918361664
0.49848467111587524
0.5622643232345581
0.3660866320133209
0.19209539890289307
0.2043861746788025
0.21433445811271667
0.27807140350341797
0.2529594898223877
0.2767208218574524
0.2769061326980591
0.39479416608810425
0.38455623388290405
0.27600160241127014
0.3373904228210449
0.3971405029296875
0.3237023949623108
0.21674004197120667
0.21533238887786865
0.3580096960067749
0.43912166357040405
0.3563249409198761
0.3666483759880066
0.29090791940689087
0.24164608120918274
0.2662770450115204
0.3730108439922333
0.37812864780426025
0.1959475576877594
0.2335011065006256
0.44356513023376465
0.31803184747695923
0.6622916460037231
0.307303786277771
0.18028756976127625
0.39934611320495605
0.33249005675315857
0.28554314374923706
0.3878106474876404
0.3803465962409973
0.2277485728263855
0.4908643960952759
0.5385269522666931
0.2294953465461731
0.20815034210681915
0.3351573944091797
0.32260218262672424
0.24160578846931458
0.2561882734298706
0.41567182540893555
0.3311936557292938
0.35602855682373047
0.2774425148963928
0.36537206172943115
0.2780073881149292
0.23570704460144043
0.3096262812614441
0.20184631645679474
0.1938348263502121
0.476811945438385
0.339055597782135
0.21543985605239868
0.35506147146224976
0.3131086230278015
0.32749122381210327
0.2309311479330063
0.47691941261291504
0.3358083963394165
0.41523241996765137
0.3790600299835205
0.3155288100242615
0.3588201403617859
0.4517930746078491
0.2820013165473938
0.29274892807006836
0.2951321601867676
0.23855282366275787
0.27964097261428833
0.2885203957557678
0.30933576822280884
0.5078240633010864
0.35937657952308655
0.12018705159425735
0.39568030834198
0.2960515320301056
0.23139867186546326
0.47309088706970215
0.21548530459403992
0.11405950039625168
0.27488934993743896
0.365644633769989
0.42448365688323975
0.4588737487792969
0.5670348405838013
0.3009052872657776
0.27742332220077515
0.43586087226867676
0.34672820568084717
0.5803924202919006
0.21679365634918213
0.45722317695617676
0.17223863303661346
0.42272043228149414
0.2998603582382202
0.2743736207485199
0.2572318911552429
0.26400887966156006
0.3491849899291992
0.39841872453689575
0.24943239986896515
0.4529203772544861
0.32660534977912903
0.5895772576332092
0.29462364315986633
0.28368937969207764
0.3965572118759155
0.28837841749191284
0.3699721097946167
0.19349108636379242
0.14057448506355286
0.4155626893043518
0.3061562180519104
0.284424364566803
0.2861894965171814
0.23957890272140503
0.5210410356521606
0.3789372444152832
0.39141881465911865
0.22334490716457367
0.322054386138916
0.4056479334831238
0.2554329037666321
0.2658599317073822
0.2874598503112793
0.36480122804641724
0.21000568568706512
0.24833619594573975
0.22169184684753418
0.358575701713562
0.26586484909057617
0.3393745422363281
0.032511524856090546
0.34401124715805054
0.20743313431739807
0.35601603984832764
0.4623773694038391
0.4132387638092041
0.3407440781593323
0.35262036323547363
0.32306063175201416
0.30257874727249146
0.5111154913902283
0.23878136277198792
0.3959341049194336
0.3892389237880707
0.2145920693874359
0.2912335991859436
0.34383589029312134
0.3951728343963623
0.3571857810020447
0.41113561391830444
0.31081172823905945
0.06178993731737137
0.2948911190032959
0.30127009749412537
0.398486465215683
0.4940616488456726
0.33988049626350403
0.3901946544647217
0.273654967546463
0.34459251165390015
0.33252662420272827
0.37590333819389343
0.44819480180740356
0.32704171538352966
0.28735095262527466
0.25464892387390137
0.42071253061294556
0.26937803626060486
0.4704192280769348
0.45436084270477295
0.45513415336608887
0.41507774591445923
0.23763594031333923
0.43758052587509155
0.3024837374687195
0.44144773483276367
0.30624425411224365
0.3356980085372925
0.21734283864498138
0.30895671248435974
0.3001985549926758
0.2893729507923126
0.2123398333787918
0.3072003722190857
0.23899666965007782
0.18272218108177185
0.35829001665115356
0.3333764672279358
0.39149683713912964
0.44690436124801636
0.22196537256240845
0.35449105501174927
0.3308168649673462
0.3936040699481964
0.32138514518737793
0.2172456830739975
0.2684728503227234
0.3058677911758423
0.19143687188625336
0.3037099242210388
0.25118744373321533
0.3009820580482483
0.3212609887123108
0.20673879981040955
0.2708234190940857
0.3804834485054016
0.3769575357437134
0.3892550468444824
0.28771960735321045
0.24337437748908997
0.38787052035331726
0.2849094867706299
0.46763360500335693
0.28870680928230286
0.26187410950660706
0.2633873224258423
0.3863148093223572
0.09134389460086823
0.41818565130233765
0.34050148725509644
0.30007797479629517
0.3590105175971985
0.4461185336112976
0.29906439781188965
0.3204139471054077
0.4191393256187439
0.4130063056945801
0.25701451301574707
0.31183773279190063
0.39374399185180664
0.26764553785324097
0.333941251039505
0.3673454523086548
0.4291747808456421
0.27686169743537903
0.38764938712120056
0.35848623514175415
0.24032166600227356
0.31052571535110474
0.4219604730606079
0.34825456142425537
0.4518355131149292
0.17536592483520508
0.3359598219394684
0.3091198801994324
0.25884541869163513
0.21844211220741272
0.1542334109544754
0.25024038553237915
0.38980793952941895
0.34906214475631714
0.23813048005104065
0.16580143570899963
0.2740766108036041
0.4312627911567688
0.4147217869758606
0.244576558470726
0.24673670530319214
0.34459906816482544
0.2803191542625427
0.3115488886833191
0.298888623714447
0.26227879524230957
0.2227649837732315
0.3531248867511749
0.29276978969573975
0.27053335309028625
0.3285052180290222
0.3904443085193634
0.3680846095085144
0.4617672562599182
0.3377024233341217
0.2583011984825134
0.43624943494796753
0.3319089412689209
0.33651232719421387
0.2071634829044342
0.34529536962509155
0.3722445070743561
0.4130549430847168
0.40103983879089355
0.2007315307855606
0.36423414945602417
0.34503135085105896
0.1678827852010727
0.3352254033088684
0.4376681447029114
0.2668338418006897
0.26993098855018616
0.34059786796569824
0.41689807176589966
0.3803752660751343
0.1940988153219223
0.23838242888450623
0.3203352689743042
0.4243161678314209
0.32782310247421265
0.3593822121620178
0.4266747236251831
0.3623806834220886
0.43197858333587646
0.24005243182182312
0.45082175731658936
0.22104871273040771
0.3950461447238922
0.27047044038772583
0.3796052932739258
0.34182584285736084
0.4337805509567261
0.3248971104621887
0.1633799821138382
0.30985331535339355
0.3187386989593506
0.24579806625843048
0.2099229246377945
0.3095923066139221
0.2389509677886963
0.3766717314720154
0.3699900805950165
0.43088865280151367
0.2961530089378357
0.37302136421203613
0.3911589980125427
0.2359357625246048
0.30452030897140503
0.38840097188949585
0.2203439623117447
0.21399696171283722
0.42097365856170654
0.3243710994720459
0.283663809299469
0.2433837354183197
0.4655138850212097
0.4136015772819519
0.34503933787345886
0.42153310775756836
0.3331224322319031
0.40736448764801025
0.2924860715866089
0.5753148794174194
0.21361076831817627
0.4192613363265991
0.23935464024543762
0.35309848189353943
0.3317147493362427
0.33801859617233276
0.3866754174232483
0.28808924555778503
0.23140235245227814
0.3015943169593811
0.28042352199554443
0.38190263509750366
0.19942337274551392
0.3817095160484314
0.29522037506103516
0.2548367977142334
0.44763755798339844
0.34241223335266113
0.4175129532814026
0.4921342134475708
0.23546211421489716
0.4256308674812317
0.356558233499527
0.24296894669532776
0.5083624720573425
0.40961670875549316
0.3882962465286255
0.3664321303367615
0.4084451198577881
0.4122145175933838
0.30590176582336426
0.4207831025123596
0.22178363800048828
0.3371738791465759
0.18489180505275726
0.3192693293094635
0.1647794246673584
0.5017527341842651
0.35541656613349915
0.5104367733001709
0.2714136242866516
0.2517814636230469
0.20599769055843353
0.45537739992141724
0.4139663577079773
0.32155323028564453
0.3687294125556946
0.3365193009376526
0.2460460662841797
0.40710675716400146
0.3552039861679077
0.29996973276138306
0.34433484077453613
0.4139009714126587
0.2586139142513275
0.36828020215034485
0.20849159359931946
0.4819672703742981
0.2529354989528656
0.4412636160850525
0.38442158699035645
0.39079955220222473
0.3716444671154022
0.36960703134536743
0.5219643712043762
0.5594443678855896
0.3522615432739258
0.5038695931434631
0.3210718631744385
0.3075251579284668
0.24144625663757324
0.3154471516609192
0.5559613108634949
0.22627457976341248
0.5306556224822998
0.29386407136917114
0.1639414131641388
0.3780994713306427
0.2068059891462326
0.550887942314148
0.36570581793785095
0.3229253888130188
0.27086010575294495
0.3296429514884949
0.2842860221862793
0.2869825065135956
0.1662295162677765
0.22776144742965698
0.2869359850883484
0.42049866914749146
0.40788042545318604
0.25784826278686523
0.3260837197303772
0.16613435745239258
0.39969295263290405
0.32571178674697876
0.259573757648468
0.34984418749809265
0.2820863425731659
0.26643431186676025
0.37744492292404175
0.3402653932571411
0.21989068388938904
0.39794373512268066
0.2690531313419342
0.13181525468826294
0.34406548738479614
0.3172605335712433
0.18624615669250488
0.3390722870826721
0.39423292875289917
0.415723979473114
0.39483940601348877
0.23601937294006348
0.32841840386390686
0.5005620121955872
0.38751843571662903
0.5569132566452026
0.27721989154815674
0.2512059509754181
0.23413963615894318
0.4160575270652771
0.3002106547355652
0.3876435160636902
0.27542412281036377
0.20361319184303284
0.27706921100616455
0.19232608377933502
0.30203235149383545
0.3413310647010803
0.19264516234397888
0.27467280626296997
0.4465212821960449
0.4944438934326172
