0.2453012764453888
0.19994458556175232
0.2636035680770874
0.25981026887893677
0.29734933376312256
0.2717660963535309
0.2513696849346161
0.41402143239974976
0.32519376277923584
0.2795816659927368
0.22865191102027893
0.330608606338501
0.20455166697502136
0.3217746615409851
0.26954787969589233
0.2584916353225708
0.22732283174991608
0.24665147066116333
0.18341809511184692
0.3262159824371338
0.29897361993789673
0.290047824382782
0.16573894023895264
0.38966232538223267
0.3024669289588928
0.2639346122741699
0.32238876819610596
0.32697242498397827
0.2318740040063858
0.2780904173851013
0.28748834133148193
0.29563137888908386
0.3078312873840332
0.2658206522464752
0.23687292635440826
0.2021511197090149
0.27789419889450073
0.33759158849716187
0.28631705045700073
0.3052171468734741
0.2015979290008545
0.28814399242401123
0.2787843346595764
0.38676953315734863
0.17229442298412323
0.21945470571517944
0.19807803630828857
0.25932881236076355
0.21637563407421112
0.2239815592765808
0.20393270254135132
0.28710412979125977
0.28475964069366455
0.24348488450050354
0.25892752408981323
0.29668813943862915
0.25991934537887573
0.23118160665035248
0.2965264618396759
0.2399311363697052
0.26526695489883423
0.20407091081142426
0.33108747005462646
0.36116087436676025
0.22819828987121582
0.3041476607322693
0.2898390293121338
0.21488915383815765
0.3413567543029785
0.24426928162574768
0.18982121348381042
0.32387346029281616
0.29587048292160034
0.37445542216300964
0.23553314805030823
0.2616305947303772
0.22848999500274658
0.32487374544143677
0.28626471757888794
0.3273354172706604
0.3131932020187378
0.2432774305343628
0.2701191008090973
0.2951129376888275
0.22877375781536102
0.25751087069511414
0.18533334136009216
0.22338107228279114
0.242066890001297
0.2691839933395386
0.23812301456928253
0.249008446931839
0.1771155148744583
0.22257468104362488
0.3149055242538452
0.2732897996902466
0.2380504012107849
0.23320963978767395
0.34008166193962097
0.26211270689964294
0.2980532646179199
0.26629576086997986
0.2749737799167633
0.20398716628551483
0.3301540017127991
0.2105594128370285
0.2699028551578522
0.2936443090438843
0.25564175844192505
0.19962510466575623
0.24440869688987732
0.25784823298454285
0.22384324669837952
0.30242183804512024
0.2561291456222534
0.2806139588356018
0.3401966989040375
0.2551608681678772
0.27833980321884155
0.18641579151153564
0.2680790424346924
0.2549274265766144
0.33422112464904785
0.33633124828338623
0.2795807421207428
0.2725268304347992
0.23808719217777252
0.2254001796245575
0.2808985114097595
0.25182169675827026
0.2639804780483246
0.3296324908733368
0.3048328757286072
0.28675901889801025
0.3285027742385864
0.23809903860092163
0.27321702241897583
0.32556450366973877
0.24486154317855835
0.2749454081058502
0.29765987396240234
0.24555836617946625
0.2662295401096344
0.2914477586746216
0.26811379194259644
0.31929248571395874
0.33163243532180786
0.1842934489250183
0.2677610516548157
0.3344513773918152
0.21847465634346008
0.31154441833496094
0.3546941876411438
0.19458560645580292
0.3198324143886566
0.3262163996696472
0.3233906626701355
0.27860039472579956
0.2341088354587555
0.2783975899219513
0.23622290790081024
0.27158474922180176
0.33169659972190857
0.26345333456993103
0.3380732536315918
0.3018406629562378
0.21443891525268555
0.29668501019477844
0.23706471920013428
0.34901636838912964
0.20422540605068207
0.35461190342903137
0.23725202679634094
0.1993046998977661
0.2997310161590576
0.25047093629837036
0.23911888897418976
0.253301739692688
0.29956623911857605
0.22586718201637268
0.2722233533859253
0.24608014523983002
0.26757311820983887
0.2117290198802948
0.2866544723510742
0.327240526676178
0.2658518850803375
0.24857941269874573
0.2430918961763382
0.3289704918861389
0.24143487215042114
0.3032299876213074
0.37033188343048096
0.23874083161354065
0.2921692132949829
0.3735884726047516
0.2904754877090454
0.3103371262550354
0.26259729266166687
0.23644882440567017
0.25137507915496826
0.24956989288330078
0.25813087821006775
0.38904011249542236
0.2800843119621277
0.28857752680778503
0.3547288477420807
0.2236911952495575
0.2564418315887451
0.32841965556144714
0.24501317739486694
0.2891687750816345
0.3547443151473999
0.28682368993759155
0.22118231654167175
0.21547666192054749
0.2944137454032898
0.2357434183359146
0.2150818407535553
0.2636930048465729
0.31725457310676575
0.25834983587265015
0.2950797379016876
0.3150736689567566
0.20178762078285217
0.3075900077819824
0.27040398120880127
0.2641923725605011
0.2730012834072113
0.2105158418416977
0.3408814072608948
0.2216264009475708
0.2527165710926056
0.2804580330848694
0.29680317640304565
0.3550558090209961
0.1967235952615738
0.28708893060684204
0.33560997247695923
0.21251268684864044
0.34188488125801086
0.29733020067214966
0.20840370655059814
0.17658767104148865
0.21969453990459442
0.2621613144874573
0.23322126269340515
0.2463979721069336
0.3032468557357788
0.22028863430023193
0.19488343596458435
0.1667163074016571
0.2663564682006836
0.2222234308719635
0.23483192920684814
0.3558255136013031
0.3906323313713074
0.2793652415275574
0.2823949456214905
0.256665974855423
0.3511636555194855
0.32435381412506104
0.23775933682918549
0.2597598433494568
0.27750515937805176
0.26133042573928833
0.3474782705307007
0.3095088601112366
0.37942445278167725
0.3146582245826721
0.23737835884094238
0.29745998978614807
0.3686866760253906
0.3067208230495453
0.21903765201568604
0.27493739128112793
0.2979333996772766
0.23541368544101715
0.3312198519706726
0.3341972231864929
0.19738870859146118
0.2761446237564087
0.23635241389274597
0.2704748213291168
0.20281556248664856
0.20041117072105408
0.2977050244808197
0.29047828912734985
0.25316283106803894
0.3429635763168335
0.21909460425376892
0.32763105630874634
0.21397922933101654
0.28946155309677124
0.3060528039932251
0.2197379171848297
0.23232042789459229
0.37120354175567627
0.29717546701431274
0.273519903421402
0.31585609912872314
0.24475666880607605
0.3068177103996277
0.2833061218261719
0.3526906967163086
0.23305444419384003
0.21324773132801056
0.23553279042243958
0.35740894079208374
0.3253372311592102
0.2423945814371109
0.3085031509399414
0.3362613916397095
0.18280382454395294
0.2590862214565277
0.2838117480278015
0.2102486491203308
0.3241601288318634
0.22160112857818604
0.14538168907165527
0.2732464075088501
0.24850398302078247
0.33687835931777954
0.28435420989990234
0.20512068271636963
0.391470730304718
0.3375902771949768
0.23561164736747742
0.1956290900707245
0.2762070894241333
0.24200576543807983
0.2253686487674713
0.3574787974357605
0.2718493342399597
0.33086395263671875
0.3598729968070984
0.23004783689975739
0.266496479511261
0.24523301422595978
0.2202836275100708
0.27868396043777466
0.24468116462230682
0.2153528332710266
0.26929014921188354
0.3823047876358032
0.27139097452163696
0.2916122078895569
0.20844100415706635
0.23980620503425598
0.2618260383605957
0.2680949568748474
0.33650508522987366
0.1963406205177307
0.24182569980621338
0.23701825737953186
0.3177225589752197
0.2797863483428955
0.26103001832962036
0.31287556886672974
0.3658626675605774
0.3105747699737549
0.2816176414489746
0.3301434814929962
0.2677474021911621
0.36067503690719604
0.27804049849510193
0.3200610876083374
0.30721449851989746
0.30167919397354126
0.31844109296798706
0.2543458342552185
0.3528258502483368
0.2261718213558197
0.2869890332221985
0.2420998513698578
0.2668754756450653
0.26827874779701233
0.22142565250396729
0.21580569446086884
0.20327217876911163
0.3553253412246704
0.33531248569488525
0.2522360682487488
0.3239167332649231
0.3645115792751312
0.25041663646698
0.3151111602783203
0.3139714300632477
0.2672380208969116
0.23724710941314697
0.3122577667236328
0.2994743287563324
0.24139870703220367
0.2435334324836731
0.302617609500885
0.2472437024116516
0.19829769432544708
0.25792255997657776
0.275002121925354
0.3118016719818115
0.22491693496704102
0.259734570980072
0.2921411395072937
0.207332044839859
0.2298433482646942
0.38948148488998413
0.27141109108924866
0.2664417028427124
0.2872578501701355
0.3014645576477051
0.3147016763687134
0.24520790576934814
0.2963760793209076
0.21303892135620117
0.2305511087179184
0.3209344148635864
0.26546144485473633
0.3292805552482605
0.2527821362018585
0.2354329526424408
0.2511502802371979
0.3107883930206299
0.19535782933235168
0.2105378806591034
0.4819120168685913
0.3353641629219055
0.32840120792388916
0.2160869687795639
0.2486523687839508
0.1982978731393814
0.21117039024829865
0.30147629976272583
0.24638454616069794
0.2674494981765747
0.3016642928123474
0.2725072503089905
0.23955440521240234
0.20247963070869446
0.2748008966445923
0.3812851309776306
0.20307379961013794
0.1849886029958725
0.35133594274520874
0.287375807762146
0.23338982462882996
0.30505573749542236
0.3411105275154114
0.23321595788002014
0.27589869499206543
0.3287163972854614
0.2493865191936493
0.3408087491989136
0.31086236238479614
0.24140697717666626
0.2702327370643616
0.29979759454727173
0.20635776221752167
0.22488801181316376
0.26986706256866455
0.24563248455524445
0.24678537249565125
0.2431538701057434
0.3521241843700409
0.2887103259563446
0.250532329082489
0.2659660875797272
0.2772911787033081
0.2576158046722412
0.22402618825435638
0.22300328314304352
0.19151709973812103
0.3173222541809082
0.2850608229637146
0.24144941568374634
0.26840710639953613
0.28227680921554565
0.2556169629096985
0.2817777395248413
0.2796313166618347
0.3283751606941223
0.2727448344230652
0.3342176079750061
0.28312063217163086
0.13215574622154236
0.2677566409111023
0.2535266876220703
0.3761007785797119
0.24311281740665436
0.2914107143878937
0.2978156805038452
0.2602907717227936
0.282443642616272
0.2837493121623993
0.2760757803916931
0.2654276490211487
0.25072866678237915
0.2205246239900589
0.20433568954467773
0.22745226323604584
0.17881658673286438
0.2911415696144104
0.3775146007537842
0.25720056891441345
0.3432082235813141
0.3666427731513977
0.23339755833148956
0.2773762345314026
0.14377589523792267
0.21922829747200012
0.30672356486320496
0.33391112089157104
0.2648172974586487
0.28443434834480286
0.33985042572021484
0.22045233845710754
0.2649831473827362
0.22189511358737946
0.3151065409183502
0.2112695574760437
0.23100043833255768
0.20403949916362762
0.3192625641822815
0.26644283533096313
0.24002152681350708
0.3038780093193054
0.2721897065639496
0.21360036730766296
0.29699915647506714
0.2959064245223999
0.27172935009002686
0.20456351339817047
0.28939151763916016
0.3900034427642822
0.30162274837493896
0.2935870289802551
0.23341163992881775
0.30578482151031494
0.3555496335029602
0.2736199200153351
0.23377199470996857
0.409823477268219
0.28702977299690247
0.21326784789562225
0.3865174353122711
0.3040357828140259
0.20208138227462769
0.27787473797798157
0.2645934224128723
0.32132095098495483
0.2811776101589203
0.21247097849845886
0.2762356400489807
0.2268938422203064
0.25074318051338196
0.2150385081768036
0.2626938819885254
0.31953364610671997
0.4049678444862366
0.24008941650390625
0.3182109296321869
0.32485076785087585
0.2112622857093811
0.25751638412475586
0.36899441480636597
0.29475945234298706
0.30349212884902954
0.3644677400588989
0.16891378164291382
0.35421252250671387
0.27140191197395325
0.24420398473739624
0.3001600503921509
0.31035345792770386
0.2949755787849426
0.2469806969165802
0.24898456037044525
0.29823774099349976
0.23515048623085022
0.2678265869617462
0.24921734631061554
0.25078922510147095
0.27463299036026
0.32007265090942383
0.19451189041137695
0.2501215934753418
0.26448047161102295
0.3175281286239624
0.2840558588504791
0.2223205864429474
0.23035873472690582
0.44470757246017456
0.20395337045192719
0.31978002190589905
0.29619574546813965
0.2981225252151489
0.33313536643981934
0.24289102852344513
0.3017302453517914
0.26610589027404785
0.26329463720321655
0.2759513854980469
0.28149837255477905
0.17361542582511902
0.23869821429252625
0.2831328809261322
0.37173134088516235
0.2533920407295227
0.21603189408779144
0.22485995292663574
0.22367346286773682
0.23290130496025085
0.24822299182415009
0.18044689297676086
0.1929692178964615
0.3774462938308716
0.33707955479621887
0.27993878722190857
0.2762625217437744
0.2780294418334961
0.32492339611053467
0.3509133458137512
0.29072678089141846
0.21901477873325348
0.23466844856739044
0.2513110637664795
0.33592092990875244
0.29115045070648193
0.235365092754364
0.24846568703651428
0.277526319026947
0.2650010287761688
0.23991632461547852
0.27480077743530273
0.2444171905517578
0.1944212019443512
0.2927563786506653
0.08323661237955093
0.2313045859336853
0.22710146009922028
0.2967073619365692
0.22550949454307556
0.2794928550720215
0.2753676176071167
0.27461373805999756
0.2647280991077423
0.22889500856399536
0.2900758385658264
0.2684893012046814
0.3391422629356384
0.30055534839630127
0.2890395522117615
0.3056827187538147
0.2534201741218567
0.281303733587265
0.3538878560066223
0.22893114387989044
0.27028560638427734
0.13744384050369263
0.3546234369277954
0.29004472494125366
0.3549315333366394
0.27652043104171753
0.37289246916770935
0.3079874813556671
0.24195975065231323
0.26552605628967285
0.22898925840854645
0.3229294717311859
0.36585521697998047
0.25984057784080505
0.30717140436172485
0.19413110613822937
0.2737966477870941
0.19273902475833893
0.319754034280777
0.23726984858512878
0.28705066442489624
0.29071158170700073
0.30520984530448914
0.35015836358070374
0.26595956087112427
0.33097171783447266
0.3597416877746582
0.2673484683036804
0.3195352256298065
0.3267965316772461
0.3085108995437622
0.23467431962490082
0.3434652090072632
0.2249676138162613
0.23687797784805298
0.30212894082069397
0.3297090232372284
0.3587598502635956
0.4055222272872925
0.22626729309558868
0.2578737437725067
0.26157301664352417
0.2838789224624634
0.3808784484863281
0.23951253294944763
0.2402009218931198
0.2219693958759308
0.25535082817077637
0.32772690057754517
0.29699450731277466
0.2529943585395813
0.25088804960250854
0.3351535201072693
0.3412129878997803
0.36042577028274536
0.2676568925380707
0.20414918661117554
0.21823334693908691
0.25665971636772156
0.2559070587158203
0.22991587221622467
0.24451899528503418
0.25336527824401855
0.19174136221408844
0.24704931676387787
0.31523051857948303
0.29458779096603394
0.20827049016952515
0.21445631980895996
0.2376248836517334
0.2338363230228424
0.26145637035369873
0.3557247519493103
0.22308355569839478
0.40261518955230713
0.19636526703834534
0.2955617308616638
0.29905056953430176
0.27002376317977905
0.17614364624023438
0.26993411779403687
0.201101154088974
0.2968863844871521
0.3004949688911438
0.2760935127735138
0.19959357380867004
0.2928422689437866
0.21664609014987946
0.33732298016548157
0.19199272990226746
0.2820412516593933
0.25253966450691223
0.28410065174102783
0.33149540424346924
0.36408042907714844
0.3200150728225708
0.3459426164627075
0.27552706003189087
0.2895088791847229
0.2911566495895386
0.30798059701919556
0.209384948015213
0.21959254145622253
0.29999667406082153
0.27116167545318604
0.23096905648708344
0.2699944078922272
0.21540172398090363
0.3081458806991577
0.26796755194664
0.2244434654712677
0.28031671047210693
0.32684752345085144
0.23124945163726807
0.23440998792648315
0.26100271940231323
0.2388218194246292
0.19677110016345978
0.20417232811450958
0.22201582789421082
0.2435995191335678
0.23172202706336975
0.18887820839881897
0.29943281412124634
0.21879982948303223
0.27653685212135315
0.2505783438682556
0.2503942549228668
0.31315213441848755
0.22110144793987274
0.42673540115356445
0.24594268202781677
0.301861047744751
0.2414999157190323
0.3114662170410156
0.2865697145462036
0.2864254117012024
0.26623985171318054
0.3615957498550415
0.22521869838237762
0.2607770562171936
0.2521939277648926
0.2190462052822113
0.2742644250392914
0.26633113622665405
0.31781303882598877
0.21377041935920715
0.272102028131485
0.2939949631690979
0.3110472559928894
0.2479703575372696
0.23302589356899261
0.25293639302253723
0.2840300500392914
0.3188217282295227
0.22247278690338135
0.2144533395767212
0.28092390298843384
0.17722323536872864
0.20615440607070923
0.2508433759212494
0.24308481812477112
0.34346699714660645
0.2158004343509674
0.28916680812835693
0.20695436000823975
0.2319120466709137
0.2935580015182495
0.26374518871307373
0.21604008972644806
0.32318663597106934
0.2628113031387329
0.3155423104763031
0.2038569152355194
0.2561100721359253
0.20452943444252014
0.21312859654426575
0.1425168365240097
0.40117406845092773
0.2724793553352356
0.23308421671390533
0.30595970153808594
0.2442091405391693
0.32821130752563477
0.3070898652076721
0.3275477886199951
0.3291710615158081
0.25443169474601746
0.24877554178237915
0.21407629549503326
0.2382131963968277
0.2945496439933777
0.31050795316696167
0.28207916021347046
0.30952608585357666
0.27365851402282715
0.27742618322372437
0.24802112579345703
0.29884856939315796
0.21813049912452698
0.29262030124664307
0.24664616584777832
0.26088881492614746
0.24965742230415344
0.2800498306751251
0.24001725018024445
0.30231600999832153
0.3102927803993225
0.36264944076538086
0.3423713445663452
0.3907097578048706
0.26367050409317017
0.19955095648765564
0.2564128637313843
0.2238585501909256
0.3660663366317749
0.2928641736507416
0.3360292911529541
0.28041189908981323
0.2621024250984192
0.3179429769515991
0.24083128571510315
0.2873860001564026
0.28073036670684814
0.29976046085357666
0.23973193764686584
0.22356127202510834
0.29397571086883545
0.2010156512260437
0.26267150044441223
0.17577216029167175
0.31752556562423706
0.30702853202819824
0.3053717613220215
0.28646421432495117
0.27784621715545654
0.2713923454284668
0.21627560257911682
0.2888510227203369
0.3341701924800873
0.2654757499694824
0.2909398078918457
0.21004700660705566
0.1793956160545349
0.1616239845752716
0.2730099558830261
0.2137591540813446
0.3425448536872864
0.1960965245962143
0.22445601224899292
0.24336554110050201
0.32943350076675415
0.29853910207748413
0.2811991274356842
0.3442929983139038
0.244310200214386
0.3351973593235016
0.2432103008031845
0.2955235242843628
0.2443915456533432
0.18372568488121033
0.24299800395965576
0.2457193285226822
0.30498164892196655
0.3006519079208374
0.22023698687553406
0.20909938216209412
0.2765604257583618
0.2423972189426422
0.28675365447998047
0.34383559226989746
0.2945801019668579
0.4016212821006775
0.37446168065071106
0.26385101675987244
0.3140397071838379
0.2544517517089844
0.3011589050292969
0.26800233125686646
0.2091350555419922
0.26551395654678345
0.20768921077251434
0.2226743996143341
0.28930994868278503
0.22278432548046112
0.3077000379562378
0.30411186814308167
0.2671763598918915
0.3041161298751831
0.2761170268058777
0.26616567373275757
0.3134263753890991
0.13356831669807434
0.3296312093734741
0.17439594864845276
0.3016728162765503
0.23143965005874634
0.34770822525024414
0.1656048595905304
0.34701186418533325
0.28231579065322876
0.29370546340942383
0.3024854063987732
0.31170451641082764
0.2553350329399109
0.25037115812301636
0.17777663469314575
0.30002009868621826
0.2669246792793274
0.1529802680015564
0.34647345542907715
0.22625502943992615
0.2845325171947479
0.3186338245868683
0.21288463473320007
0.3033854365348816
0.2608313262462616
0.25489193201065063
0.2708503007888794
0.3001055121421814
0.3595592677593231
0.3167920708656311
0.4087340831756592
0.2721821069717407
0.2710469961166382
0.28285712003707886
0.3646809458732605
0.23416420817375183
0.3137589693069458
0.25829780101776123
0.218336284160614
0.2734684944152832
0.3347053527832031
0.3012468218803406
0.24073690176010132
0.24043382704257965
0.2207396775484085
0.25617602467536926
0.2975825071334839
0.250836580991745
0.26135075092315674
0.3448888063430786
0.2896983027458191
0.2726801931858063
0.1885075718164444
0.28242188692092896
0.27426838874816895
0.2226829081773758
0.2951347231864929
0.3521873652935028
0.28030669689178467
0.36513882875442505
0.32641634345054626
0.38703423738479614
0.33058083057403564
0.19479423761367798
0.3841439485549927
0.23396292328834534
0.2685968279838562
0.24551597237586975
0.2993454933166504
0.2423568069934845
0.18281292915344238
0.3669854700565338
0.2866225242614746
0.20241829752922058
0.2706487774848938
0.2022431492805481
0.3036392331123352
0.29906243085861206
0.23608455061912537
0.21107403934001923
0.222146674990654
0.2248765230178833
0.27682942152023315
0.23152707517147064
0.23447847366333008
0.2593088448047638
0.2611299753189087
0.2371445596218109
0.2339053452014923
0.2800583243370056
0.2218988537788391
0.28544706106185913
0.21990902721881866
0.18778637051582336
0.26339957118034363
0.393643856048584
0.22522467374801636
0.26313480734825134
0.3495693802833557
0.20114314556121826
0.287043958902359
0.12220172584056854
0.3391360640525818
0.2762438654899597
0.2404090166091919
0.30781251192092896
0.28219836950302124
0.28448033332824707
0.4428991675376892
0.36832889914512634
0.25236743688583374
0.3424716591835022
0.2500010132789612
0.30993616580963135
0.23137067258358002
0.20885995030403137
0.1884472668170929
0.3456052839756012
0.2220287322998047
0.28110164403915405
0.28912612795829773
0.16851168870925903
0.2311214804649353
0.2643159031867981
0.28137892484664917
0.250335156917572
0.21447086334228516
0.2179231345653534
0.19637754559516907
0.2124839574098587
0.2817050814628601
0.3233349323272705
0.19894978404045105
0.21115198731422424
0.2873914837837219
0.20944781601428986
0.1834096759557724
0.3045736849308014
0.3302380442619324
0.29154452681541443
0.34512531757354736
0.3446013033390045
0.208333358168602
0.19881540536880493
0.3069901466369629
0.3427430987358093
0.31250712275505066
0.37438714504241943
0.30096325278282166
0.30991119146347046
0.2612536549568176
0.32003700733184814
0.3009604811668396
0.3620995879173279
0.26272523403167725
0.298625111579895
0.3287198543548584
0.26459193229675293
0.31707265973091125
0.15515373647212982
0.2717551290988922
0.3056284785270691
0.2079465538263321
0.22547106444835663
0.29041558504104614
0.24518510699272156
0.23792420327663422
0.26507824659347534
0.2692827582359314
0.3376022279262543
0.22307437658309937
0.307176411151886
0.29770052433013916
0.2856329679489136
0.22264507412910461
0.3193241059780121
0.25987839698791504
0.28433167934417725
0.32612812519073486
0.256923645734787
0.1881614774465561
0.22066134214401245
0.24217110872268677
0.22998949885368347
0.3344944715499878
0.30431175231933594
0.2918282747268677
0.33681952953338623
0.25384366512298584
0.3894616663455963
0.20690090954303741
0.2872105836868286
0.21294546127319336
0.1873340606689453
0.26301199197769165
0.2786824107170105
0.2867884933948517
0.2532873749732971
0.2986367344856262
0.26495444774627686
0.3256995677947998
0.2688349187374115
0.2560577690601349
0.32648444175720215
0.26366543769836426
0.20330356061458588
0.27359744906425476
0.219541996717453
0.25946933031082153
0.2985514998435974
0.4052097201347351
0.17996430397033691
0.280428946018219
0.25554749369621277
0.27158936858177185
0.21271909773349762
0.2731385827064514
0.24556586146354675
0.20978251099586487
0.2616387605667114
0.3404000401496887
0.16581666469573975
0.32556527853012085
0.28689494729042053
0.2800188660621643
0.2320868968963623
0.21137844026088715
0.24707913398742676
0.3083304166793823
0.2421761453151703
0.3653237819671631
0.16720177233219147
0.2799219489097595
0.2109578549861908
0.2091074138879776
0.26225703954696655
0.3490159809589386
0.30385011434555054
0.3592826724052429
0.34125232696533203
0.29043740034103394
0.2899126410484314
0.24887557327747345
0.22489392757415771
0.2897023558616638
0.238724485039711
0.2956293225288391
0.24095836281776428
0.28026247024536133
0.2628246247768402
0.20962917804718018
0.3382906913757324
0.27081722021102905
0.22095829248428345
0.2619701027870178
0.19222992658615112
0.1707582175731659
0.2997817397117615
0.3585687279701233
0.2492857575416565
0.2834225296974182
0.23312883079051971
0.34438180923461914
0.32620495557785034
0.3173597753047943
0.22264425456523895
0.35049235820770264
0.29376497864723206
0.2754608392715454
0.22762569785118103
0.29478490352630615
0.3048582375049591
0.1932959109544754
0.3586461544036865
0.373820424079895
0.24858808517456055
0.334129273891449
0.22453421354293823
0.18886004388332367
0.26883941888809204
0.23415741324424744
0.2841861844062805
0.24961914122104645
0.2497446984052658
0.29062724113464355
0.2540781795978546
0.23559428751468658
0.28006958961486816
0.2858811616897583
0.2842622995376587
0.2924955487251282
0.2683559060096741
0.24168387055397034
0.35105711221694946
0.25934261083602905
0.337337851524353
0.2573133111000061
0.19813323020935059
0.235973060131073
0.30627745389938354
0.3699331283569336
0.33217906951904297
0.19829410314559937
0.2751900553703308
0.1615508794784546
0.25073719024658203
0.30567610263824463
0.298083633184433
0.28715699911117554
0.30588388442993164
0.2839546799659729
0.22618812322616577
0.24814248085021973
0.3367130160331726
0.2721094787120819
0.31468552350997925
0.25371208786964417
0.33222144842147827
0.27494335174560547
0.2472226470708847
0.3742223381996155
0.25875324010849
0.19936269521713257
0.2600536048412323
0.2786294221878052
0.23547734320163727
0.3218199610710144
0.31314969062805176
0.29602181911468506
0.25517088174819946
0.3182739019393921
0.3452109694480896
0.24668622016906738
0.26432284712791443
0.2197696715593338
0.2520720064640045
0.24434894323349
0.36067208647727966
0.2662423849105835
0.25775471329689026
0.1960466057062149
0.2983910143375397
0.3628295063972473
0.2257331907749176
0.309379518032074
0.3053746819496155
0.2777899503707886
0.27997738122940063
0.40204358100891113
0.28810587525367737
0.3134033679962158
0.33723685145378113
0.21196067333221436
0.23188374936580658
0.2554247975349426
0.23836320638656616
0.36823660135269165
0.2435958981513977
0.2576342821121216
0.2490823119878769
0.3264946937561035
0.2114582359790802
0.3055424690246582
0.33717620372772217
0.26326751708984375
0.33831101655960083
0.34595274925231934
0.17164647579193115
0.24326986074447632
0.30063992738723755
0.27228811383247375
0.3768628239631653
0.2562497556209564
0.2843937873840332
0.24261124432086945
0.2929764986038208
0.21759946644306183
0.36870473623275757
0.2531341314315796
0.3995099365711212
0.3208162784576416
0.30357903242111206
0.19117425382137299
0.27709776163101196
0.272964745759964
0.1854012906551361
0.36539149284362793
0.35046476125717163
0.395774245262146
0.220956489443779
0.3252876400947571
0.2664811909198761
0.3225415349006653
0.3092409372329712
0.24298706650733948
0.26665693521499634
0.2824339270591736
0.31540369987487793
0.20117123425006866
0.2613567113876343
0.3438287675380707
0.29226040840148926
0.2890585660934448
0.29394495487213135
0.33613938093185425
0.27844393253326416
0.20511655509471893
0.32523512840270996
0.25138378143310547
0.331007182598114
0.25591573119163513
0.26611679792404175
0.3469829559326172
0.2803307771682739
0.2792973220348358
0.2606920003890991
0.3234074115753174
0.2990831732749939
0.30010274052619934
0.36294203996658325
0.3184969425201416
0.28866124153137207
0.30326980352401733
0.2121625542640686
0.20778237283229828
0.24455544352531433
0.24222977459430695
0.2403155118227005
0.21884004771709442
0.22882582247257233
0.2291620522737503
0.2727373242378235
0.25788819789886475
0.2841339111328125
0.28269222378730774
0.1220192015171051
0.19488441944122314
0.27899354696273804
0.3242008686065674
0.28114932775497437
0.3228361904621124
0.2734823226928711
0.27742063999176025
0.1963534653186798
0.3166939616203308
0.3134819269180298
0.17822539806365967
0.27277040481567383
0.21158099174499512
0.2640224099159241
0.21844741702079773
0.23110723495483398
0.2471611201763153
0.36467859148979187
0.2915167212486267
0.2665632367134094
0.3055870532989502
0.30315452814102173
0.25408992171287537
0.18336153030395508
0.2833334803581238
0.27116748690605164
0.26088690757751465
0.2741364538669586
0.25681325793266296
0.35019105672836304
0.20587703585624695
0.2617083191871643
0.31098639965057373
0.26261916756629944
0.2534930109977722
0.3235197067260742
0.2830003499984741
0.2841727137565613
0.29348093271255493
0.30093657970428467
0.35998496413230896
0.32446929812431335
0.2718299329280853
0.3096042275428772
0.1746254712343216
0.2852661609649658
0.29230642318725586
0.2724429666996002
0.27575647830963135
0.2719091773033142
0.29263925552368164
0.24862949550151825
0.34661149978637695
0.3412574529647827
0.2928600311279297
0.2651853561401367
0.24742740392684937
0.3447616696357727
0.2985301613807678
0.3118712306022644
0.2214726209640503
0.3042423725128174
0.30880075693130493
0.3133851885795593
0.3778822422027588
0.23114171624183655
0.3121528625488281
0.27187252044677734
0.289961576461792
0.3276141881942749
0.29494673013687134
0.28649404644966125
0.22125780582427979
0.2088000625371933
0.2932793200016022
0.33346253633499146
0.1682623028755188
0.2746439576148987
0.2966945767402649
0.26459017395973206
0.26993080973625183
0.28140199184417725
0.3112662434577942
0.2904949188232422
0.21757882833480835
0.35633939504623413
0.28185659646987915
0.2987251877784729
0.2450878620147705
0.1598176509141922
0.2686662971973419
0.404252827167511
0.2979154586791992
0.2394024282693863
0.358235627412796
0.2197200357913971
0.3309103846549988
0.27357184886932373
0.26366597414016724
0.1996808797121048
0.33831459283828735
0.2531082332134247
0.3023340702056885
0.33743083477020264
0.3351067900657654
0.22708648443222046
0.3124568462371826
0.298065721988678
0.3035231828689575
0.26411139965057373
0.34716111421585083
0.37593403458595276
0.35966891050338745
0.3143482208251953
0.263141930103302
0.24590852856636047
0.2487446665763855
0.3510082960128784
0.37928712368011475
0.27600598335266113
0.2941783666610718
0.2829717695713043
0.23968032002449036
0.20244602859020233
0.26154351234436035
0.21121452748775482
0.31730031967163086
0.2412247359752655
0.2833835482597351
0.22409336268901825
0.3050447404384613
0.1769065111875534
0.23111602663993835
0.18405109643936157
0.22210916876792908
0.31690090894699097
0.2425178736448288
0.2877034842967987
0.24501782655715942
0.24208831787109375
0.22212907671928406
0.26826462149620056
0.27136701345443726
0.2694951295852661
0.341389924287796
0.3346361517906189
0.2544650137424469
0.29593944549560547
0.2766522765159607
0.2067680060863495
0.31327444314956665
0.1790805160999298
0.23110803961753845
0.19208058714866638
0.22992411255836487
0.2979623079299927
0.21821291744709015
0.2513542175292969
0.24536684155464172
0.3823004364967346
0.35769641399383545
0.36202162504196167
0.1879214197397232
0.3364477753639221
0.21249788999557495
0.25161436200141907
0.30506688356399536
0.23040691018104553
0.2898421585559845
0.1930336058139801
0.24456669390201569
0.24052290618419647
0.2539350986480713
0.2679590582847595
0.27005892992019653
0.2662176489830017
0.3359571695327759
0.26780250668525696
0.3327537477016449
0.3293965756893158
0.2708270251750946
0.3340611457824707
0.28806865215301514
0.22998949885368347
0.25354790687561035
0.30733591318130493
0.27492088079452515
0.2173771858215332
0.22857844829559326
0.2637959122657776
0.2809423506259918
0.25173741579055786
0.28094685077667236
0.21944189071655273
0.3080005645751953
0.19628843665122986
0.3321340084075928
0.23452284932136536
0.2660570740699768
0.23287279903888702
0.3027181625366211
0.3054790198802948
0.24058926105499268
0.3080742359161377
0.1940014511346817
0.1895134449005127
0.24877919256687164
0.18298783898353577
0.2129783183336258
0.23629683256149292
0.3304790258407593
0.2746011018753052
0.25230690836906433
0.3585062623023987
0.22070848941802979
0.2298150360584259
0.2414785474538803
0.286186158657074
0.31401485204696655
0.2375510036945343
0.27167224884033203
0.22297237813472748
0.2994955778121948
0.3568890392780304
0.26688122749328613
0.3248680830001831
0.269163578748703
0.4801179766654968
0.23749755322933197
0.2612738013267517
0.22046472132205963
0.2757474482059479
0.2510354518890381
0.30471742153167725
0.3835391402244568
0.35593634843826294
0.27851593494415283
0.2073107659816742
0.3013935685157776
0.34181055426597595
0.27968651056289673
0.28611454367637634
0.37639373540878296
0.24882185459136963
0.29804548621177673
0.24585233628749847
0.2240210622549057
0.3058739900588989
0.35772812366485596
0.2954629063606262
0.2865901589393616
0.513195276260376
0.3488721251487732
0.1938970983028412
0.18188562989234924
0.38969725370407104
0.3226010799407959
0.3758524954319
0.27477043867111206
0.29146891832351685
0.23900330066680908
0.32491645216941833
0.2060476839542389
0.1970522254705429
0.21510756015777588
0.2927153706550598
0.18615871667861938
0.21296313405036926
0.31077152490615845
0.25234606862068176
0.29698294401168823
0.314453125
0.2517416477203369
0.2871663570404053
0.2587527632713318
0.28046557307243347
0.25101906061172485
0.24932298064231873
0.2334519624710083
0.2764999568462372
0.27004265785217285
0.1918739527463913
0.28247135877609253
0.24815194308757782
0.2937920093536377
0.22349891066551208
0.32827311754226685
0.25570493936538696
0.3357067108154297
0.2776382565498352
0.23810024559497833
0.3107042908668518
0.24814480543136597
0.22761815786361694
0.2735251188278198
0.2893250584602356
0.24732381105422974
0.14164257049560547
0.2923116683959961
0.2864539921283722
0.3350985646247864
0.25202828645706177
0.2921079397201538
0.22202542424201965
0.30872562527656555
0.3118705749511719
0.2497306764125824
0.3450056314468384
0.26582667231559753
0.1909623146057129
0.34417951107025146
0.2947576344013214
0.25566545128822327
0.29669469594955444
0.32986313104629517
0.2592841386795044
0.21160568296909332
0.23513275384902954
0.2937883734703064
0.27170437574386597
0.34547680616378784
0.38995057344436646
0.2247367650270462
0.24770845472812653
0.249753937125206
0.3232787847518921
0.28472864627838135
0.3416331708431244
0.19230905175209045
0.28443771600723267
0.3160586357116699
0.3694065809249878
0.2497607320547104
0.2614632844924927
0.21002478897571564
0.33782851696014404
0.30491286516189575
0.2974507212638855
0.23375879228115082
0.347287118434906
0.25727635622024536
0.26001960039138794
0.2981581687927246
0.15299582481384277
0.2736893892288208
0.2243390530347824
0.2136886864900589
0.2706736624240875
0.2899966239929199
0.2099056839942932
0.3278825879096985
0.269626259803772
0.251753568649292
0.25229698419570923
0.2618945837020874
0.2242240607738495
0.2527391016483307
0.2486332654953003
0.3059655725955963
0.2640485167503357
0.21943938732147217
0.29013895988464355
0.1749616414308548
0.2705727815628052
0.18694500625133514
0.22537937760353088
0.31635040044784546
0.17775094509124756
0.25953546166419983
0.25384193658828735
0.32516705989837646
0.25477203726768494
0.33503133058547974
0.23976364731788635
0.19492757320404053
0.312433660030365
0.24617502093315125
0.2865968942642212
0.25927409529685974
0.25164738297462463
0.31098514795303345
0.347362756729126
0.2577127516269684
0.38527911901474
0.2602202892303467
0.2155817151069641
0.23048630356788635
0.28063035011291504
0.23032401502132416
0.30723655223846436
0.20313459634780884
0.3182874917984009
0.2754530906677246
0.31292617321014404
0.2160114049911499
0.25708022713661194
0.2953625023365021
0.35394638776779175
0.2893430292606354
0.3071497678756714
0.2545461356639862
0.26272451877593994
0.3145986795425415
0.17843937873840332
0.26168134808540344
0.21453766524791718
0.2386023998260498
0.3311769366264343
0.22883367538452148
0.33916908502578735
0.3050103187561035
0.36245912313461304
0.3270828127861023
0.340549111366272
0.31598591804504395
0.29627108573913574
0.2190473973751068
0.3020453453063965
0.26945504546165466
0.27311623096466064
0.23891842365264893
0.2641690671443939
0.25006526708602905
0.24855418503284454
0.24243268370628357
0.3200870156288147
0.24058128893375397
0.31162846088409424
0.3269772529602051
0.2521471083164215
0.35736531019210815
0.21515868604183197
0.14760804176330566
0.2604765295982361
0.2692127525806427
0.26665908098220825
0.27830782532691956
0.23420901596546173
0.23661646246910095
0.21006950736045837
0.2783823609352112
0.28112298250198364
0.21350502967834473
0.2829529941082001
0.3904706835746765
0.30868440866470337
0.36016586422920227
0.33047759532928467
0.2665104866027832
0.24770694971084595
0.19062666594982147
0.3343549966812134
0.2962116599082947
0.33342307806015015
0.252006471157074
0.32700425386428833
0.22845032811164856
0.3727971315383911
0.22481673955917358
0.2159510999917984
0.230056494474411
0.20587465167045593
0.2939223051071167
0.35348594188690186
0.26064351201057434
0.3095360994338989
0.30047255754470825
0.3174859285354614
0.3077472448348999
0.30035871267318726
0.29822805523872375
0.2657001316547394
0.2520110011100769
0.34776198863983154
0.21137602627277374
0.2581833004951477
0.2540714740753174
0.22280679643154144
0.28610992431640625
0.3180638551712036
0.294087290763855
0.21459588408470154
0.2818189859390259
0.2731930613517761
0.24486911296844482
0.2008121758699417
0.24537745118141174
0.30054813623428345
0.22560623288154602
0.20709195733070374
0.25968948006629944
0.30231159925460815
0.3134170174598694
0.2457815259695053
0.24690166115760803
0.1986701786518097
0.2144986242055893
0.1023247092962265
0.2501954436302185
0.3076065182685852
0.3457815647125244
0.19928620755672455
0.21871306002140045
0.2967497706413269
0.2770524024963379
0.30721694231033325
0.274311900138855
0.24553561210632324
0.25279074907302856
0.3000507950782776
0.33335351943969727
0.29954794049263
0.19244492053985596
0.29040974378585815
0.2707924544811249
0.2161867320537567
0.21659749746322632
0.17784848809242249
0.2694285809993744
0.21274523437023163
0.25241318345069885
0.20978879928588867
0.20754720270633698
0.26352232694625854
0.24134306609630585
0.2854022979736328
0.2626307010650635
0.3916087746620178
0.2861679196357727
0.22113610804080963
0.3281747102737427
0.22561997175216675
0.2559467554092407
0.3281397223472595
0.2407149076461792
0.38176554441452026
0.3612927198410034
0.23114657402038574
0.30254966020584106
0.19357557594776154
0.35574012994766235
0.27440154552459717
0.2882678806781769
0.25047793984413147
0.24482154846191406
0.2464444786310196
0.3062117099761963
0.22428055107593536
0.3573455512523651
0.3147238492965698
0.3409484028816223
0.34531116485595703
0.32827281951904297
0.2559642195701599
0.2673551142215729
0.2300056368112564
0.31765565276145935
0.22492125630378723
0.21400704979896545
0.2561551332473755
0.21940426528453827
0.28564679622650146
0.3460175395011902
0.25190430879592896
0.19378909468650818
0.30991262197494507
0.3529956340789795
0.22646810114383698
0.2637164890766144
0.26254022121429443
0.25648999214172363
0.3116458058357239
0.31856754422187805
0.21340647339820862
0.34681588411331177
0.17527636885643005
0.3433670997619629
0.27610909938812256
0.3311310410499573
0.2627524733543396
0.20342350006103516
0.2433927059173584
0.2730688452720642
0.21571487188339233
0.25770455598831177
0.33161377906799316
0.2670256197452545
0.26571035385131836
0.3516561686992645
0.09182757884263992
0.23253583908081055
0.3961097002029419
0.2678230404853821
0.300845742225647
0.2550193667411804
0.32487910985946655
0.38113176822662354
0.3613899350166321
0.257686048746109
0.2718372941017151
0.28490203619003296
0.29275786876678467
0.1799842268228531
0.23731866478919983
0.2942207157611847
0.26803743839263916
0.21760419011116028
0.26038816571235657
0.2512474060058594
0.333098828792572
0.29509955644607544
0.2107122242450714
0.27679377794265747
0.24945387244224548
0.20965994894504547
0.26069796085357666
0.285678505897522
0.27942806482315063
0.2885085344314575
0.31217122077941895
0.3301204442977905
0.23261432349681854
0.2459961473941803
0.2940586805343628
0.31514257192611694
0.3133433759212494
0.23801806569099426
0.26673972606658936
0.2287507802248001
0.34900206327438354
0.37615370750427246
0.29528868198394775
0.3528538644313812
0.21964971721172333
0.4110960364341736
0.20127156376838684
0.18224748969078064
0.2506941854953766
0.19787749648094177
0.22491192817687988
0.31785839796066284
0.3392214775085449
0.26563945412635803
0.2819198966026306
0.1949511617422104
0.24563229084014893
0.23316128551959991
0.2593387961387634
0.3036040663719177
0.31362831592559814
0.24087262153625488
0.27156609296798706
0.1838134527206421
0.2690049409866333
0.3258551061153412
0.25025299191474915
0.33138328790664673
0.2971183657646179
0.2627071440219879
0.20884357392787933
0.23353886604309082
0.20382946729660034
0.22222955524921417
0.3315986394882202
0.23053288459777832
0.20093145966529846
0.23515599966049194
0.3278207778930664
0.33920037746429443
0.3457462787628174
0.28195545077323914
0.20300038158893585
0.1732352375984192
0.2332991361618042
0.350190132856369
0.2627890110015869
0.3210509121417999
0.30766770243644714
0.2878360152244568
0.18789614737033844
0.2785547375679016
0.27462413907051086
0.35317444801330566
0.3367382287979126
0.2958661913871765
0.17903825640678406
0.21261586248874664
0.2895541191101074
0.31544601917266846
0.3427730202674866
0.2504366636276245
0.19190743565559387
0.2843976616859436
0.17560423910617828
0.3533480763435364
0.24973446130752563
0.33006057143211365
0.32811322808265686
0.27156710624694824
0.31236356496810913
0.1755189299583435
0.27703335881233215
0.1899787187576294
0.354131817817688
0.31459009647369385
0.2478438913822174
0.2687036991119385
0.2274671047925949
0.20853827893733978
0.32975149154663086
0.23914112150669098
0.22579754889011383
0.1849437803030014
0.3063320815563202
0.22783182561397552
0.26497048139572144
0.2965703010559082
0.22618472576141357
0.24861717224121094
0.21733714640140533
0.2363453507423401
0.237768292427063
0.342674195766449
0.2785407304763794
0.28626716136932373
0.24132142961025238
0.2749934792518616
0.25000545382499695
0.27446964383125305
0.31462806463241577
0.33377736806869507
0.24545139074325562
0.36639928817749023
0.2668370008468628
0.2924644649028778
0.29535186290740967
0.21563243865966797
0.2604979872703552
0.39719724655151367
0.17809340357780457
0.2290515899658203
0.29354187846183777
0.2350441813468933
0.318015992641449
0.40703243017196655
0.28407013416290283
0.16201749444007874
0.2804762125015259
0.2507357597351074
0.239352747797966
0.26746201515197754
0.31788310408592224
0.259002685546875
0.2900681495666504
0.29699617624282837
0.26544249057769775
0.30791527032852173
0.3441704511642456
0.2860228419303894
0.2413533329963684
0.26866865158081055
0.3105105757713318
0.2427128404378891
0.22407490015029907
0.3222026228904724
0.3020719289779663
0.30154508352279663
0.2823070287704468
0.3595072627067566
0.2743743360042572
0.2102147489786148
0.22668012976646423
0.2429465502500534
0.22449174523353577
0.2822064161300659
0.23484797775745392
0.19761568307876587
0.335671603679657
0.28814518451690674
0.19664572179317474
0.1954326033592224
0.3200790584087372
0.2958645224571228
0.2829105854034424
0.17827491462230682
0.24878332018852234
0.212238147854805
0.2823135256767273
0.2563038468360901
0.17215150594711304
0.180034339427948
0.26152974367141724
0.231831893324852
0.32495567202568054
0.3844296932220459
0.38087645173072815
0.31893426179885864
0.38769829273223877
0.3107500374317169
0.2674204111099243
0.25094956159591675
0.1682955026626587
0.3121122121810913
0.2428516000509262
0.36153143644332886
0.34372520446777344
0.25117024779319763
0.34924185276031494
0.2107536643743515
0.3440406322479248
0.42326104640960693
0.2451789677143097
0.39305078983306885
0.28466230630874634
0.32030194997787476
0.2997906804084778
0.336550235748291
0.2490072399377823
0.30683010816574097
0.24259722232818604
0.2891918420791626
0.2195397913455963
0.2791041135787964
0.33021488785743713
0.23197951912879944
0.2659061551094055
0.3255637288093567
0.2648625671863556
0.33983904123306274
0.2330515831708908
0.32957372069358826
0.2611861824989319
0.15306368470191956
0.30012571811676025
0.2694929838180542
0.3240478038787842
0.29423969984054565
0.2465554177761078
0.3187207579612732
0.2671690583229065
0.2581610679626465
0.3091840147972107
0.2151384949684143
0.23795083165168762
0.24435576796531677
0.3188127875328064
0.24196778237819672
0.24972879886627197
0.2783292531967163
0.2548447847366333
0.20992259681224823
0.29214781522750854
0.31246888637542725
0.372444212436676
0.30985337495803833
0.3119020164012909
0.23209063708782196
0.3624776601791382
0.2575334906578064
0.2949832081794739
0.3075394630432129
0.34428709745407104
0.3793548345565796
0.5780324935913086
0.4307692050933838
0.23947161436080933
0.330912709236145
0.3110954761505127
0.29889827966690063
0.25701475143432617
0.30242159962654114
0.28992515802383423
0.2508963346481323
0.2885318994522095
0.26232197880744934
0.2816571593284607
0.33020785450935364
0.40159106254577637
0.2886444330215454
0.23047301173210144
0.19424456357955933
0.24090223014354706
0.24281983077526093
0.17195340991020203
0.2351560890674591
0.2094660997390747
0.19776882231235504
0.28610140085220337
0.22681088745594025
0.32213473320007324
0.3536984324455261
0.33864420652389526
0.4170299172401428
0.33181536197662354
0.27301132678985596
0.1744377464056015
0.33333373069763184
0.21832573413848877
0.26706060767173767
0.38950711488723755
0.2719934582710266
0.2859569787979126
0.34563058614730835
0.27876317501068115
0.2609282433986664
0.2515697479248047
0.21812142431735992
0.26584428548812866
0.28570157289505005
0.2242838591337204
0.25538891553878784
0.2394721508026123
0.2640420198440552
0.3000703454017639
0.23454466462135315
0.21819019317626953
0.38410863280296326
0.3066840171813965
0.2614287734031677
0.22564923763275146
0.2614925503730774
0.3179187774658203
0.277736097574234
0.33660224080085754
0.33710777759552
0.3010478615760803
0.3188070058822632
0.23104079067707062
0.23416581749916077
0.31802618503570557
0.31886279582977295
0.3826937675476074
0.20368602871894836
0.2110472023487091
0.309376060962677
0.30594587326049805
0.32989174127578735
0.3039102852344513
0.3298412561416626
0.1808047741651535
0.17623578011989594
0.1808372139930725
0.3655993342399597
0.30575037002563477
0.3365200161933899
0.21848270297050476
0.2512407898902893
0.36989888548851013
0.3219742178916931
0.31891822814941406
0.34683531522750854
0.23694249987602234
0.3418028950691223
0.21927803754806519
0.19979727268218994
0.16445517539978027
0.3143807053565979
0.2945290207862854
0.23758794367313385
0.283979207277298
0.21955621242523193
0.4162721633911133
0.23721081018447876
0.26298612356185913
0.2512967586517334
0.2555341422557831
0.2100529819726944
0.2440413534641266
0.27133747935295105
0.27890223264694214
0.24415552616119385
0.3060183525085449
0.30658894777297974
0.3979783058166504
0.2755376100540161
0.251946359872818
0.2305288016796112
0.37079036235809326
0.2521284222602844
0.27436351776123047
0.2475774884223938
0.255199134349823
0.30243921279907227
0.23609432578086853
0.26053357124328613
0.2788522243499756
0.3096935749053955
0.21491536498069763
0.28320908546447754
0.24856814742088318
0.31337612867355347
0.19310109317302704
0.2959422767162323
0.21508842706680298
0.21113473176956177
0.2201535850763321
0.31784218549728394
0.2986540198326111
0.3132825493812561
0.3213568925857544
0.1822008192539215
0.16954419016838074
0.19296076893806458
0.29673659801483154
0.24723707139492035
0.22279775142669678
0.29416424036026
0.25435537099838257
0.2261071652173996
0.2906941771507263
0.2744758129119873
0.23967260122299194
0.23780567944049835
0.2545085549354553
0.23910178244113922
0.24307997524738312
0.3458811044692993
0.2882794141769409
0.2742735743522644
0.16862943768501282
0.2841685116291046
0.3392542004585266
0.32398512959480286
0.3637983798980713
0.1944633424282074
0.3288230895996094
0.2585439085960388
0.23459744453430176
0.25863394141197205
0.25953853130340576
0.2234746366739273
0.2546488046646118
0.24238890409469604
0.23888103663921356
0.226424440741539
0.2710617482662201
0.26495271921157837
0.2539661228656769
0.23025590181350708
0.25133875012397766
0.33076566457748413
0.2640218436717987
0.2046479433774948
0.18791034817695618
0.2749271094799042
0.3145899772644043
0.18269506096839905
0.2568838596343994
0.32956743240356445
0.25405383110046387
0.28167635202407837
0.20986813306808472
0.2208048403263092
0.2693871259689331
0.256747305393219
0.2040950059890747
0.304379940032959
0.20547929406166077
0.2414582371711731
0.22226712107658386
0.07687007635831833
0.286162793636322
0.3324776291847229
0.24715366959571838
0.26219451427459717
0.25516316294670105
0.2498411387205124
0.3769252896308899
0.23241138458251953
0.2942378520965576
0.27484002709388733
0.2790415287017822
0.2836851477622986
0.29025131464004517
0.24444982409477234
0.3290626108646393
0.2749374210834503
0.2505185008049011
0.35749226808547974
0.2788556218147278
0.17541953921318054
0.22896888852119446
0.2704778015613556
0.30950498580932617
0.33718663454055786
0.28437143564224243
0.24734094738960266
0.29664307832717896
0.19163523614406586
0.22287239134311676
0.22367385029792786
0.3279358148574829
0.2436792254447937
0.33170777559280396
0.30722230672836304
0.21291884779930115
0.218389630317688
0.2650553584098816
0.288604199886322
0.25996530055999756
0.19778910279273987
0.2831054925918579
0.3171246647834778
0.2700387239456177
0.3262682557106018
0.2552548050880432
0.4254649877548218
0.2158178687095642
0.3530067801475525
0.2504724860191345
0.23710212111473083
0.2595349848270416
0.34052836894989014
0.22144536674022675
0.3051259517669678
0.2826381325721741
0.3556841015815735
0.22104805707931519
0.29667434096336365
0.4069782495498657
0.31084805727005005
0.2697634994983673
0.3036925196647644
0.3258330821990967
0.28541359305381775
0.2611653208732605
0.32772117853164673
0.2589074969291687
0.26904296875
0.31979992985725403
0.31648480892181396
0.23104974627494812
0.26456743478775024
0.2831366956233978
0.2752437889575958
0.30832481384277344
0.2755454480648041
0.23200756311416626
0.30106061697006226
0.28116536140441895
0.2966729998588562
0.3252042531967163
0.3278621435165405
0.26801449060440063
0.20097818970680237
0.2625564932823181
0.2532333433628082
0.2675606906414032
0.28378182649612427
0.30689316987991333
0.23040735721588135
0.2127845287322998
0.3250170052051544
0.31171703338623047
0.23328974843025208
0.2693467140197754
0.2269105613231659
0.313747763633728
0.24025174975395203
0.3261449933052063
0.35947826504707336
0.18206144869327545
0.20863686501979828
0.27456650137901306
0.26879560947418213
0.31717365980148315
0.24876578152179718
0.196592777967453
0.27221542596817017
0.2622944116592407
0.30304932594299316
0.2797234058380127
0.22968029975891113
0.3171200156211853
0.34546959400177
0.3709392547607422
0.2874358892440796
0.2551111578941345
0.30422431230545044
0.288163423538208
0.21767845749855042
0.18204036355018616
0.22537805140018463
0.18851327896118164
0.36036330461502075
0.18402177095413208
0.2393442541360855
0.18171429634094238
0.259997695684433
0.1778092384338379
0.32721129059791565
0.17299999296665192
0.34080439805984497
0.29414743185043335
0.31769171357154846
0.3124047517776489
0.30059951543807983
0.25782257318496704
0.2402058094739914
0.22925697267055511
0.30709630250930786
0.31469303369522095
0.3156004548072815
0.33602023124694824
0.23213163018226624
0.3501795530319214
0.16754403710365295
0.2673552334308624
0.29069316387176514
0.39371246099472046
0.24725979566574097
0.3667532801628113
0.2938939332962036
0.23228390514850616
0.2336886078119278
0.2615775465965271
0.261022686958313
0.3121718168258667
0.31308865547180176
0.2776535153388977
0.3315419554710388
0.3000720143318176
0.3114258050918579
0.2639411687850952
0.2899782657623291
0.3350828289985657
0.23986001312732697
0.2782686948776245
0.33463215827941895
0.2877664566040039
0.3188418745994568
0.31052011251449585
0.27811354398727417
0.2835804224014282
0.26181820034980774
0.2371935248374939
0.17602643370628357
0.23286141455173492
0.23561786115169525
0.2640361785888672
0.297260582447052
0.23474280536174774
0.34924063086509705
0.2927786111831665
0.3011187016963959
0.19104556739330292
0.29505449533462524
0.30666014552116394
0.296195924282074
0.26827627420425415
0.33503809571266174
0.29355961084365845
0.19648447632789612
0.2865206003189087
0.27413004636764526
0.22069808840751648
0.14885616302490234
0.3063731789588928
0.25245821475982666
0.31076276302337646
0.2598150670528412
0.24175336956977844
0.3776523470878601
0.37277597188949585
0.279426634311676
0.31806230545043945
0.20766794681549072
0.28243130445480347
0.31113722920417786
0.2652321457862854
0.20926493406295776
0.25417590141296387
0.2882484197616577
0.2007390856742859
0.2659432888031006
0.22265201807022095
0.36746901273727417
0.2048255205154419
0.24408818781375885
0.292289674282074
0.24734272062778473
0.30023378133773804
0.2072305828332901
0.23189622163772583
0.3701987862586975
0.29935699701309204
0.3469235301017761
0.2631489932537079
0.27763035893440247
0.3066396117210388
0.257469117641449
0.19171397387981415
0.21879804134368896
0.27898114919662476
0.3254895806312561
0.19690105319023132
0.2781720459461212
0.22526299953460693
0.17985281348228455
0.3183719515800476
0.29464638233184814
0.2979396879673004
0.15165768563747406
0.20577506721019745
0.326821506023407
0.25899776816368103
0.3741123080253601
0.2774679660797119
0.18784748017787933
0.21740125119686127
0.20797115564346313
0.25881484150886536
0.24726149439811707
0.20945319533348083
0.2451845407485962
0.2674786448478699
0.29285359382629395
0.29415208101272583
0.3027677536010742
0.21920964121818542
0.28430506587028503
0.3757505416870117
0.29006075859069824
0.2555277943611145
0.2927320599555969
0.27094566822052
0.25929975509643555
0.22891007363796234
0.24217179417610168
0.2714207172393799
0.3156810402870178
0.15521086752414703
0.361810564994812
0.32756882905960083
0.2547006607055664
0.3368545174598694
0.24819812178611755
0.29432007670402527
0.3172767758369446
0.35820621252059937
0.3606835603713989
0.2711711823940277
0.3476496934890747
0.23190532624721527
0.2578224539756775
0.3998001217842102
0.24003064632415771
0.31506478786468506
0.26530954241752625
0.3211807608604431
0.12369124591350555
0.24714849889278412
0.2603740096092224
0.2466248869895935
0.3458777666091919
0.3247406780719757
0.3171534538269043
0.32094526290893555
0.31399643421173096
0.3008168339729309
0.21128252148628235
0.21167775988578796
0.2958516776561737
0.19977188110351562
0.28492677211761475
0.21703295409679413
0.18228550255298615
0.3119376301765442
0.24907071888446808
0.33295607566833496
0.26752954721450806
0.2444971799850464
0.16810420155525208
0.25264453887939453
0.3183085024356842
0.2144012451171875
0.2450293004512787
0.30677109956741333
0.1796857863664627
0.28111863136291504
0.3326219618320465
0.3116658329963684
0.3132871389389038
0.27352380752563477
0.31749123334884644
0.24605068564414978
0.29965585470199585
0.3054957985877991
0.33355581760406494
0.2742723822593689
0.30296313762664795
0.26556381583213806
0.2689681053161621
0.28980258107185364
0.5589612126350403
0.335001677274704
0.22396764159202576
0.25362348556518555
0.29686790704727173
0.30672967433929443
0.35930949449539185
0.2743905782699585
0.22865265607833862
0.33157771825790405
0.24264401197433472
0.2057737112045288
0.2171584963798523
0.25776904821395874
0.2745751738548279
0.201963871717453
0.3222789168357849
0.30127936601638794
0.29469066858291626
0.23497140407562256
0.2142515778541565
0.2689439654350281
0.2667022943496704
0.24737003445625305
0.22487160563468933
0.33342206478118896
0.2040819227695465
0.2292388677597046
0.22404848039150238
0.2470216304063797
0.28117674589157104
0.20751450955867767
0.3108534812927246
0.24990896880626678
0.25898075103759766
0.3370472192764282
0.3020053505897522
0.30451977252960205
0.32478034496307373
0.26276737451553345
0.2929617762565613
0.199349045753479
0.33918672800064087
0.2815808355808258
0.2893761396408081
0.2664242088794708
0.27461060881614685
0.31437718868255615
0.2989431321620941
0.28963637351989746
0.34744757413864136
0.27023327350616455
0.2463296800851822
0.2853524088859558
0.2517993450164795
0.252587229013443
0.2076086699962616
0.2916070222854614
0.2747410833835602
0.23583707213401794
0.20872239768505096
0.33521729707717896
0.3314117193222046
0.19143953919410706
0.28042200207710266
0.17150099575519562
0.2987762689590454
0.454876184463501
0.18273155391216278
0.3154771625995636
0.24871943891048431
0.2104029506444931
0.31262820959091187
0.16008004546165466
0.2994765341281891
0.29221445322036743
0.2665747404098511
0.23949506878852844
0.2763209939002991
0.20218463242053986
0.30931228399276733
0.3654971122741699
0.2964705228805542
0.2507499158382416
0.25915950536727905
0.2626881003379822
0.5660406351089478
0.24845919013023376
0.2669002413749695
0.28848448395729065
0.27841949462890625
0.2790641188621521
0.19736957550048828
0.2631599009037018
0.28647634387016296
0.27494001388549805
0.2065722793340683
0.2845572829246521
0.3421734571456909
0.21092113852500916
0.2661091685295105
0.2847577929496765
0.20091977715492249
0.26671457290649414
0.20054477453231812
0.3014546036720276
0.2859554886817932
0.3061574697494507
0.28403323888778687
0.25808265805244446
0.20449425280094147
0.24219512939453125
0.3705502152442932
0.22632092237472534
0.27559351921081543
0.28331851959228516
0.25018957257270813
0.39609163999557495
0.3923567533493042
0.31094926595687866
0.3070579171180725
0.39389359951019287
0.3230035901069641
0.2320431023836136
0.31520092487335205
0.27888768911361694
0.25985896587371826
0.36610567569732666
0.2591710686683655
0.31156426668167114
0.2993026077747345
0.23196597397327423
0.275600790977478
0.2300453633069992
0.3740471601486206
0.27588391304016113
0.28188520669937134
0.3019818663597107
0.35416555404663086
0.30454686284065247
0.19199055433273315
0.327609658241272
0.36493611335754395
0.3427163064479828
0.3424080014228821
0.29727208614349365
0.2565637230873108
0.23665598034858704
0.2140549123287201
0.2517204284667969
0.16237662732601166
0.37028995156288147
0.25604498386383057
0.26595813035964966
0.27028945088386536
0.24506869912147522
0.22789916396141052
0.27051180601119995
0.25429144501686096
0.22462491691112518
0.2807987928390503
0.33465954661369324
0.386548787355423
0.3326455056667328
0.3615787625312805
0.25666165351867676
0.27934062480926514
0.2910989820957184
0.43965065479278564
0.24294623732566833
0.22868689894676208
0.3044813275337219
0.3719906806945801
0.26489177346229553
0.1992563009262085
0.31681734323501587
0.3124102056026459
0.2764083743095398
0.29142579436302185
0.25352466106414795
0.1869177222251892
0.18468613922595978
0.3499837815761566
0.27704665064811707
0.32715827226638794
0.26715725660324097
0.3041672706604004
0.26619037985801697
0.28286391496658325
0.27301087975502014
0.28589802980422974
0.3097530007362366
0.30251193046569824
0.35793405771255493
0.34574252367019653
0.3178563117980957
0.30598878860473633
0.35523951053619385
0.2636509835720062
0.24370712041854858
0.2767944931983948
0.21415455639362335
0.2969326078891754
0.2718742787837982
0.3297756612300873
0.37276098132133484
0.28778791427612305
0.33165448904037476
0.2618458867073059
0.1684066355228424
0.37124043703079224
0.30350154638290405
0.22752125561237335
0.24762755632400513
0.24400576949119568
0.25586622953414917
0.3923338055610657
0.39227017760276794
0.26805227994918823
0.2417602837085724
0.34057074785232544
0.297852098941803
0.2816196084022522
0.28087443113327026
0.3181686997413635
0.2781563997268677
0.2958645224571228
0.2932990491390228
0.19225762784481049
0.42743903398513794
0.2595478892326355
0.2808847725391388
0.2866155505180359
0.3159758448600769
0.2520093023777008
0.23485073447227478
0.26649022102355957
0.272501677274704
0.21240538358688354
0.2655116319656372
0.30037105083465576
0.2909129858016968
0.34445908665657043
0.2369895577430725
0.24109816551208496
0.23417499661445618
0.20528478920459747
0.3288584351539612
0.27630615234375
0.37862029671669006
0.29019594192504883
0.23864713311195374
0.38145148754119873
0.257637619972229
0.25725704431533813
0.2837045192718506
0.3976646065711975
0.25373375415802
0.22166064381599426
0.26395803689956665
0.2608508765697479
0.21402978897094727
0.27529245615005493
0.3138740360736847
0.24127334356307983
0.20878423750400543
0.28853631019592285
0.22119981050491333
0.2785559296607971
0.32204633951187134
0.1974305957555771
0.271951824426651
0.27970415353775024
0.28476881980895996
0.2888540029525757
0.26995179057121277
0.23316068947315216
0.26877743005752563
0.2767193019390106
0.2959544360637665
0.23084764182567596
0.21939733624458313
0.38582783937454224
0.23639297485351562
0.27183079719543457
0.22335562109947205
0.3320845365524292
0.2710180878639221
0.23669099807739258
0.20351994037628174
0.22122034430503845
0.18892087042331696
0.2349863052368164
0.210442915558815
0.28494423627853394
0.3236398696899414
0.31828224658966064
0.27409839630126953
0.24758172035217285
0.3063220977783203
0.2089468538761139
0.16452211141586304
0.3210093379020691
0.28278812766075134
0.25550806522369385
0.39130574464797974
0.36213621497154236
0.2608743906021118
0.2749774754047394
0.19292567670345306
0.22465749084949493
0.182457834482193
0.2541695237159729
0.3372560143470764
0.21623924374580383
0.18436765670776367
0.2398381382226944
0.25909101963043213
0.27166804671287537
0.3271195888519287
0.3128039836883545
0.2787795960903168
0.35482585430145264
0.2724834084510803
0.27030864357948303
0.3728328347206116
0.35553252696990967
0.23063845932483673
0.21428222954273224
0.26183536648750305
0.23283036053180695
0.2564865052700043
0.2675988972187042
0.2577095925807953
0.2653169631958008
0.27076083421707153
0.3750593662261963
0.2703666687011719
0.22739464044570923
0.2220761626958847
0.24086545407772064
0.3421979546546936
0.21289211511611938
0.1864992082118988
0.26000016927719116
0.19436481595039368
0.2511439025402069
0.24262669682502747
0.26597467064857483
0.26783108711242676
0.3226882219314575
0.37892720103263855
0.26922452449798584
0.2651010751724243
0.392910361289978
0.26019811630249023
0.2964544892311096
0.269062876701355
0.22811836004257202
0.2903415858745575
0.18972276151180267
0.2778618037700653
0.257162868976593
0.2467213273048401
0.29984569549560547
0.2931424379348755
0.18572834134101868
0.2615044116973877
0.27816909551620483
0.27417951822280884
0.31100350618362427
0.30058085918426514
0.30007028579711914
0.257840096950531
0.19633370637893677
0.247135192155838
0.3277450501918793
0.3679058849811554
0.24206531047821045
0.3108145594596863
0.3038848638534546
0.3183180093765259
0.15530145168304443
0.25146809220314026
0.20739811658859253
0.2786182165145874
0.3193608522415161
0.2534726560115814
0.35952168703079224
0.26883387565612793
0.21639429032802582
0.23040281236171722
0.2627412974834442
0.3270567059516907
0.2949259877204895
0.24885734915733337
0.35734760761260986
0.25873488187789917
0.26685386896133423
0.3691023886203766
0.26454105973243713
0.22202558815479279
0.2342456877231598
0.2981299161911011
0.36404502391815186
0.36074844002723694
0.2455500066280365
0.2644602656364441
0.3366466462612152
0.25536587834358215
0.22421333193778992
0.1973455846309662
0.23262950778007507
0.26947492361068726
0.23749372363090515
0.17309974133968353
0.27442044019699097
0.2747046649456024
0.2741149365901947
0.25580957531929016
0.3381107449531555
0.2569783329963684
0.2920392155647278
0.25961539149284363
0.26293569803237915
0.3247578740119934
0.31203776597976685
0.24667316675186157
0.3254717290401459
0.3410123884677887
0.27876096963882446
0.18579193949699402
0.28199827671051025
0.27102941274642944
0.23130285739898682
0.2667286992073059
0.284181147813797
0.3910771906375885
0.29036468267440796
0.26502934098243713
0.30098220705986023
0.3247299790382385
0.22671034932136536
0.28311043977737427
0.26627516746520996
0.2658073604106903
0.34078800678253174
0.27729105949401855
0.2830078601837158
0.27479666471481323
0.20160722732543945
0.30105483531951904
0.3187835216522217
0.36502301692962646
0.23641879856586456
0.2504444420337677
0.3372349143028259
0.36765190958976746
0.18260714411735535
0.2727309465408325
0.23879942297935486
0.3135673403739929
0.2731374502182007
0.37753111124038696
0.29812419414520264
0.3794079124927521
0.17170318961143494
0.2857929468154907
0.3207346200942993
0.20551973581314087
0.3025224804878235
0.2668974995613098
0.25256285071372986
0.2743026912212372
0.19066986441612244
0.41227757930755615
0.3192594349384308
0.23784956336021423
0.2249361276626587
0.3101179599761963
0.24393124878406525
0.25011634826660156
0.41043317317962646
0.2541249990463257
0.3228297829627991
0.3150041699409485
0.32314300537109375
0.15159927308559418
0.24937018752098083
0.3078967332839966
0.3431434631347656
0.2836310565471649
0.26046162843704224
0.3181664049625397
0.2801171541213989
0.3203895688056946
0.26799196004867554
0.35910600423812866
0.2617867588996887
0.25378262996673584
0.2064318060874939
0.32035213708877563
0.32236120104789734
0.3411652445793152
0.27054738998413086
0.24674327671527863
0.19460263848304749
0.32215994596481323
0.2731723189353943
0.329634428024292
0.25132960081100464
0.24505367875099182
0.2875070869922638
0.3719669580459595
0.19584977626800537
0.24967950582504272
0.23622038960456848
0.24618995189666748
0.22097277641296387
0.33013916015625
0.21240900456905365
0.23782187700271606
0.24884244799613953
0.2097751796245575
0.23206114768981934
0.30607473850250244
0.2054138332605362
0.2758529782295227
0.3575611710548401
0.36260074377059937
0.22926613688468933
0.2488289475440979
0.27203935384750366
0.36479029059410095
0.3702671527862549
0.19181513786315918
0.4223366379737854
0.2970653772354126
0.2114633023738861
0.26964259147644043
0.23333507776260376
0.25228646397590637
0.2703053951263428
0.4032534956932068
0.2704445421695709
0.2991142272949219
0.30633795261383057
0.18828913569450378
0.26888033747673035
0.29957136511802673
0.44551408290863037
0.21156159043312073
0.24203908443450928
0.18932636082172394
0.22123388946056366
0.24444422125816345
0.32510483264923096
0.23299215734004974
0.2019042670726776
0.2766087055206299
0.2394958883523941
0.23648548126220703
0.2866532802581787
0.2737446427345276
0.2049560397863388
0.24522212147712708
0.30975934863090515
0.2746068239212036
0.27660778164863586
0.23875486850738525
0.3047265112400055
0.24532929062843323
0.3202208876609802
0.2475106418132782
0.2988963723182678
0.34020477533340454
0.25527745485305786
0.2308719903230667
0.2433672994375229
0.25876373052597046
0.25153905153274536
0.3006718158721924
0.3139122724533081
0.3057735562324524
0.39980125427246094
0.2359190434217453
0.23901008069515228
0.21259631216526031
0.2096633017063141
0.22637537121772766
0.2508811354637146
0.3319067358970642
0.24058736860752106
0.3406517505645752
0.1714918464422226
0.29912370443344116
0.3539801239967346
0.3073568344116211
0.2758406400680542
0.2708336412906647
0.28226804733276367
0.24446164071559906
0.2712898552417755
0.2662472128868103
0.24821041524410248
0.33936405181884766
0.2622144818305969
0.26883089542388916
0.29062420129776
0.3638228476047516
0.2844224274158478
0.32004716992378235
0.22363880276679993
0.2409672886133194
0.41514819860458374
0.30642473697662354
0.2819702625274658
0.2873210906982422
0.2978475093841553
0.20996274054050446
0.2626029849052429
0.3024992346763611
0.24563410878181458
0.28670328855514526
0.2775942087173462
0.33742570877075195
0.287239670753479
0.24533766508102417
0.2649710178375244
0.26742464303970337
0.3386381268501282
0.2873426377773285
0.2842283248901367
0.2512015700340271
0.282687783241272
0.24879774451255798
0.22848795354366302
0.2423151582479477
0.18204274773597717
0.16730764508247375
0.27234193682670593
0.3092260956764221
0.31718337535858154
0.22276341915130615
0.3059963583946228
0.3628236651420593
0.3005043864250183
0.2650923430919647
0.20331376791000366
0.2221897542476654
0.2157263606786728
0.3660716414451599
0.22054651379585266
0.2724016010761261
0.3414528965950012
0.2769249677658081
0.26337698101997375
0.22929167747497559
0.28428494930267334
0.2942485511302948
0.2317807376384735
0.29341983795166016
0.2855266332626343
0.27004575729370117
0.17857350409030914
0.25038185715675354
0.1910431683063507
0.23806092143058777
0.3492499589920044
0.31691277027130127
0.29406994581222534
0.20497824251651764
0.3537113070487976
0.29947763681411743
0.2731077969074249
0.27552247047424316
0.24242189526557922
0.18629802763462067
0.3269522488117218
0.2667468786239624
0.24316059052944183
0.2139245718717575
0.24664200842380524
0.23702400922775269
0.20651499927043915
0.2772204279899597
0.2514360547065735
0.2700408101081848
0.3037208318710327
0.2726779580116272
0.23007363080978394
0.3463701605796814
0.19367766380310059
0.2828729748725891
0.28310951590538025
0.21886421740055084
0.4206491708755493
0.2765439748764038
0.25672096014022827
0.3030850291252136
0.2005111575126648
0.3268560767173767
0.2959325909614563
0.36855414509773254
0.2795727252960205
0.30352842807769775
0.2794342339038849
0.26700490713119507
0.20561179518699646
0.39140212535858154
0.17815831303596497
0.24203725159168243
0.3446902632713318
0.323675274848938
0.315995991230011
0.264047771692276
0.2781796455383301
0.34568196535110474
0.27631473541259766
0.3420970141887665
0.20088748633861542
0.2756369113922119
0.2985888123512268
0.27065667510032654
0.31046751141548157
0.30628281831741333
0.25487276911735535
0.2694862484931946
0.21272358298301697
0.33748990297317505
0.3057020306587219
0.23701652884483337
0.31030672788619995
0.1890038251876831
0.22560647130012512
0.41135358810424805
0.1573188155889511
0.1962171047925949
0.4661771059036255
0.24196699261665344
0.199569970369339
0.187885582447052
0.21412576735019684
0.3333503305912018
0.23081307113170624
0.2867177128791809
0.2826642394065857
0.3316640555858612
0.218979150056839
0.24435168504714966
0.3064623177051544
0.20293733477592468
0.300708532333374
0.3167839050292969
0.29702627658843994
0.2406652569770813
0.29285305738449097
0.330371618270874
0.23200790584087372
0.2215648591518402
0.3051844537258148
0.27834606170654297
0.2944187819957733
0.2577521502971649
0.35555869340896606
0.2328544706106186
0.24716655910015106
0.32686084508895874
0.24559521675109863
0.2638489603996277
0.24412836134433746
0.2502617835998535
0.2532793879508972
0.21660903096199036
